1.269999999999999929e+01 4.700000000000000000e+01 1.219999999999999929e+01
1.219996899999999940e+01 4.698487599999999986e+01 1.219999999999999929e+01
1.219993000000000016e+01 4.697329200000000071e+01 1.219999999999999929e+01
1.219989299999999943e+01 4.696170699999999698e+01 1.219999999999999929e+01
1.219985900000000001e+01 4.695012299999999783e+01 1.219999999999999929e+01
1.219982700000000087e+01 4.693853800000000120e+01 1.219999999999999929e+01
1.219979099999999939e+01 4.692695400000000205e+01 1.219999999999999929e+01
1.219975099999999912e+01 4.691537000000000290e+01 1.219999999999999929e+01
1.219970900000000036e+01 4.690378499999999917e+01 1.219999999999999929e+01
1.219966699999999982e+01 4.689220100000000002e+01 1.219999999999999929e+01
1.219962800000000058e+01 4.687742200000000281e+01 1.219999999999999929e+01
1.219959300000000013e+01 4.684896400000000227e+01 1.219999999999999929e+01
1.219955900000000071e+01 4.681660300000000063e+01 1.219999999999999929e+01
1.252571499999999993e+01 4.677343599999999668e+01 1.219999999999999929e+01
1.249805199999999950e+01 4.672422699999999907e+01 1.219999999999999929e+01
1.250710400000000000e+01 4.668232900000000285e+01 1.219999999999999929e+01
1.249618099999999998e+01 4.664333899999999744e+01 1.219999999999999929e+01
1.252758799999999972e+01 4.660419399999999968e+01 1.219999999999999929e+01
1.252408699999999975e+01 4.656033200000000249e+01 1.219999999999999929e+01
1.248889199999999988e+01 4.651582400000000206e+01 1.219999999999999929e+01
1.245436100000000046e+01 4.646529000000000309e+01 1.219999999999999929e+01
1.250899300000000025e+01 4.641211100000000300e+01 1.219999999999999929e+01
1.220064999999999955e+01 4.636988900000000058e+01 1.219999999999999929e+01
1.219949599999999990e+01 4.635345900000000086e+01 1.219999999999999929e+01
1.219946299999999972e+01 4.634187399999999712e+01 1.219999999999999929e+01
1.219942799999999927e+01 4.633028999999999797e+01 1.219999999999999929e+01
1.219939300000000060e+01 4.631870500000000135e+01 1.219999999999999929e+01
1.219935500000000062e+01 4.630712100000000220e+01 1.219999999999999929e+01
1.255587300000000006e+01 4.628361799999999704e+01 1.219999999999999929e+01
1.259598699999999916e+01 4.623507699999999687e+01 1.219999999999999929e+01
1.261426799999999915e+01 4.617678800000000194e+01 1.219999999999999929e+01
1.258450200000000052e+01 4.612506599999999679e+01 1.219999999999999929e+01
1.219930399999999970e+01 4.609372100000000216e+01 1.219999999999999929e+01
1.219926599999999972e+01 4.607119800000000254e+01 1.219999999999999929e+01
1.219922700000000049e+01 4.604537299999999789e+01 1.219999999999999929e+01
1.257550200000000018e+01 4.600674300000000017e+01 1.219999999999999929e+01
1.253562299999999929e+01 4.596254600000000323e+01 1.219999999999999929e+01
1.252622500000000016e+01 4.592134999999999678e+01 1.219999999999999929e+01
1.219919800000000087e+01 4.589018800000000198e+01 1.219999999999999929e+01
1.219915499999999930e+01 4.586337900000000189e+01 1.219999999999999929e+01
1.219911100000000026e+01 4.583696400000000182e+01 1.219999999999999929e+01
1.219906800000000047e+01 4.580855700000000041e+01 1.219999999999999929e+01
1.219902800000000020e+01 4.577925799999999867e+01 1.219999999999999929e+01
1.219899000000000022e+01 4.575661600000000107e+01 1.219999999999999929e+01
1.219895099999999921e+01 4.574498599999999726e+01 1.219999999999999929e+01
1.219890799999999942e+01 4.573340199999999811e+01 1.219999999999999929e+01
1.219886600000000065e+01 4.572181700000000149e+01 1.219999999999999929e+01
1.219882600000000039e+01 4.571023300000000233e+01 1.219999999999999929e+01
1.219878800000000041e+01 4.569864900000000318e+01 1.219999999999999929e+01
1.219875299999999996e+01 4.568329500000000110e+01 1.219999999999999929e+01
1.254428300000000007e+01 4.564343300000000170e+01 1.219999999999999929e+01
1.246381399999999928e+01 4.559241999999999706e+01 1.219999999999999929e+01
1.244584299999999999e+01 4.554284799999999933e+01 1.219999999999999929e+01
1.246595399999999998e+01 4.550361500000000348e+01 1.219999999999999929e+01
1.250565399999999983e+01 4.546891000000000105e+01 1.219999999999999929e+01
1.219871700000000025e+01 4.543994099999999747e+01 1.219999999999999929e+01
1.219867999999999952e+01 4.542026800000000009e+01 1.219999999999999929e+01
1.219864100000000029e+01 4.540794700000000006e+01 1.219999999999999929e+01
1.219859899999999975e+01 4.539636300000000091e+01 1.219999999999999929e+01
1.219855599999999995e+01 4.538477799999999718e+01 1.219999999999999929e+01
1.219851599999999969e+01 4.537319399999999803e+01 1.219999999999999929e+01
1.227899799999999964e+01 4.535271300000000139e+01 1.219999999999999929e+01
1.237235899999999944e+01 4.531095799999999940e+01 1.219999999999999929e+01
1.233684300000000000e+01 4.526116999999999990e+01 1.219999999999999929e+01
1.230266600000000032e+01 4.521336699999999809e+01 1.219999999999999929e+01
1.230125100000000060e+01 4.517504000000000275e+01 1.219999999999999929e+01
1.236323999999999934e+01 4.514084700000000083e+01 1.219999999999999929e+01
1.239993600000000029e+01 4.510510699999999673e+01 1.219999999999999929e+01
1.240694099999999978e+01 4.506336900000000156e+01 1.219999999999999929e+01
1.237781700000000029e+01 4.501902400000000171e+01 1.219999999999999929e+01
1.233933999999999997e+01 4.497434700000000163e+01 1.219999999999999929e+01
1.227531800000000040e+01 4.493066000000000315e+01 1.219999999999999929e+01
1.230033399999999943e+01 4.488742100000000335e+01 1.219999999999999929e+01
1.233982400000000013e+01 4.484240700000000146e+01 1.219999999999999929e+01
1.235747800000000041e+01 4.479331499999999977e+01 1.219999999999999929e+01
1.233706500000000084e+01 4.474246999999999730e+01 1.219999999999999929e+01
1.232968100000000078e+01 4.469289599999999751e+01 1.219999999999999929e+01
1.230718300000000021e+01 4.464717900000000128e+01 1.219999999999999929e+01
1.232258200000000059e+01 4.460313200000000222e+01 1.219999999999999929e+01
1.219844400000000029e+01 4.456909199999999771e+01 1.219999999999999929e+01
1.219839299999999938e+01 4.455544199999999933e+01 1.219999999999999929e+01
1.219834200000000024e+01 4.454385700000000270e+01 1.219999999999999929e+01
1.219829000000000008e+01 4.453184100000000001e+01 1.219999999999999929e+01
1.229689100000000046e+01 4.450237099999999657e+01 1.219999999999999929e+01
1.230352899999999927e+01 4.446462100000000106e+01 1.219999999999999929e+01
1.233920099999999920e+01 4.441985999999999990e+01 1.219999999999999929e+01
1.241403999999999996e+01 4.436537200000000070e+01 1.219999999999999929e+01
1.241510700000000078e+01 4.430677699999999675e+01 1.219999999999999929e+01
1.238226099999999974e+01 4.424880600000000186e+01 1.219999999999999929e+01
1.234570300000000032e+01 4.419484299999999877e+01 1.219999999999999929e+01
1.233904500000000048e+01 4.414263299999999646e+01 1.219999999999999929e+01
1.233046000000000042e+01 4.409936499999999882e+01 1.219999999999999929e+01
1.219819000000000031e+01 4.407404799999999767e+01 1.219999999999999929e+01
1.219814200000000071e+01 4.405767399999999867e+01 1.219999999999999929e+01
1.237727399999999989e+01 4.402051800000000270e+01 1.219999999999999929e+01
1.233782399999999946e+01 4.397188799999999986e+01 1.219999999999999929e+01
1.227196700000000007e+01 4.391723999999999961e+01 1.219999999999999929e+01
1.229267800000000044e+01 4.385875500000000216e+01 1.219999999999999929e+01
1.233239999999999981e+01 4.379936800000000119e+01 1.219999999999999929e+01
1.235460899999999995e+01 4.373968700000000354e+01 1.219999999999999929e+01
1.233888699999999972e+01 4.368345000000000056e+01 1.219999999999999929e+01
1.230765899999999924e+01 4.363210300000000075e+01 1.219999999999999929e+01
1.228102400000000038e+01 4.357827999999999946e+01 1.219999999999999929e+01
1.229143900000000045e+01 4.352703100000000092e+01 1.219999999999999929e+01
1.232933099999999982e+01 4.348289700000000124e+01 1.219999999999999929e+01
1.235986100000000043e+01 4.344183600000000212e+01 1.219999999999999929e+01
1.238133200000000045e+01 4.339976599999999962e+01 1.219999999999999929e+01
1.234550800000000059e+01 4.335353800000000035e+01 1.219999999999999929e+01
1.231169500000000028e+01 4.330549899999999752e+01 1.219999999999999929e+01
1.231098300000000023e+01 4.325261799999999823e+01 1.219999999999999929e+01
1.234402599999999950e+01 4.319102000000000174e+01 1.219999999999999929e+01
1.235253400000000035e+01 4.313480700000000212e+01 1.219999999999999929e+01
1.235884399999999950e+01 4.307810700000000281e+01 1.219999999999999929e+01
1.232924500000000023e+01 4.302204199999999901e+01 1.219999999999999929e+01
1.229095000000000049e+01 4.296627600000000058e+01 1.219999999999999929e+01
1.227916600000000003e+01 4.291269100000000236e+01 1.219999999999999929e+01
1.229080500000000065e+01 4.286356800000000078e+01 1.219999999999999929e+01
1.233021100000000025e+01 4.281635599999999897e+01 1.219999999999999929e+01
1.234723100000000073e+01 4.277410700000000077e+01 1.219999999999999929e+01
1.219810000000000016e+01 4.274120599999999826e+01 1.219999999999999929e+01
1.219804300000000019e+01 4.270896900000000329e+01 1.219999999999999929e+01
1.224666900000000069e+01 4.267305900000000207e+01 1.219999999999999929e+01
1.226271299999999975e+01 4.263012200000000007e+01 1.219999999999999929e+01
1.230196800000000046e+01 4.258413199999999676e+01 1.219999999999999929e+01
1.232834199999999925e+01 4.253609500000000310e+01 1.219999999999999929e+01
1.231758699999999962e+01 4.248568099999999959e+01 1.219999999999999929e+01
1.237596800000000030e+01 4.243427299999999747e+01 1.219999999999999929e+01
1.234567000000000014e+01 4.238546600000000097e+01 1.219999999999999929e+01
1.235092000000000034e+01 4.234285899999999714e+01 1.219999999999999929e+01
1.238689600000000013e+01 4.230292000000000030e+01 1.219999999999999929e+01
1.242052299999999931e+01 4.226303899999999913e+01 1.219999999999999929e+01
1.240755700000000061e+01 4.222153899999999993e+01 1.219999999999999929e+01
1.237431899999999985e+01 4.217932199999999909e+01 1.219999999999999929e+01
1.233804300000000076e+01 4.213367600000000124e+01 1.219999999999999929e+01
1.233207900000000024e+01 4.208117500000000177e+01 1.219999999999999929e+01
1.236191099999999921e+01 4.202573999999999899e+01 1.219999999999999929e+01
1.237624399999999980e+01 4.196680299999999875e+01 1.219999999999999929e+01
1.238768999999999920e+01 4.190751099999999951e+01 1.219999999999999929e+01
1.236186000000000007e+01 4.185075799999999902e+01 1.219999999999999929e+01
1.220350799999999936e+01 4.180540700000000243e+01 1.219999999999999929e+01
1.230579799999999935e+01 4.176922299999999666e+01 1.219999999999999929e+01
1.219800000000000040e+01 4.173359399999999653e+01 1.219999999999999929e+01
1.237116600000000055e+01 4.169369799999999771e+01 1.219999999999999929e+01
1.239278799999999947e+01 4.164477399999999818e+01 1.219999999999999929e+01
1.237642300000000084e+01 4.158556000000000097e+01 1.219999999999999929e+01
1.233711500000000072e+01 4.153222499999999684e+01 1.219999999999999929e+01
1.231864500000000007e+01 4.147683500000000123e+01 1.219999999999999929e+01
1.232973800000000075e+01 4.141610800000000125e+01 1.219999999999999929e+01
1.236783600000000050e+01 4.136114100000000349e+01 1.219999999999999929e+01
1.239791100000000057e+01 4.130834699999999771e+01 1.219999999999999929e+01
1.239231299999999969e+01 4.125653799999999904e+01 1.219999999999999929e+01
1.230963999999999992e+01 4.120814099999999769e+01 1.219999999999999929e+01
1.227619900000000008e+01 4.116638400000000075e+01 1.219999999999999929e+01
1.227618900000000046e+01 4.112746800000000036e+01 1.219999999999999929e+01
1.230961699999999936e+01 4.108715099999999865e+01 1.219999999999999929e+01
1.234574899999999964e+01 4.104198999999999842e+01 1.219999999999999929e+01
1.243284599999999962e+01 4.099472699999999747e+01 1.219999999999999929e+01
1.240278900000000029e+01 4.095166199999999890e+01 1.219999999999999929e+01
1.219794199999999940e+01 4.091893000000000313e+01 1.219999999999999929e+01
1.219788899999999998e+01 4.088644299999999987e+01 1.219999999999999929e+01
1.219783800000000085e+01 4.085524099999999947e+01 1.219999999999999929e+01
1.219778799999999919e+01 4.082514199999999960e+01 1.219999999999999929e+01
1.219773999999999958e+01 4.079547300000000121e+01 1.219999999999999929e+01
1.239255099999999921e+01 4.076032699999999664e+01 1.219999999999999929e+01
1.235281999999999947e+01 4.071320300000000003e+01 1.219999999999999929e+01
1.233149300000000004e+01 4.066093899999999906e+01 1.219999999999999929e+01
1.233195399999999964e+01 4.060394699999999801e+01 1.219999999999999929e+01
1.237130999999999936e+01 4.054353900000000266e+01 1.219999999999999929e+01
1.239715400000000045e+01 4.048702200000000317e+01 1.219999999999999929e+01
1.238572399999999973e+01 4.043047899999999828e+01 1.219999999999999929e+01
1.234752899999999975e+01 4.037544100000000213e+01 1.219999999999999929e+01
1.228398999999999930e+01 4.032107100000000344e+01 1.219999999999999929e+01
1.228993299999999955e+01 4.027143699999999882e+01 1.219999999999999929e+01
1.232620200000000033e+01 4.023148299999999722e+01 1.219999999999999929e+01
1.235944899999999969e+01 4.019567700000000343e+01 1.219999999999999929e+01
1.235910699999999984e+01 4.015642400000000123e+01 1.219999999999999929e+01
1.232997899999999980e+01 4.010710699999999918e+01 1.219999999999999929e+01
1.229399500000000067e+01 4.005344000000000193e+01 1.219999999999999929e+01
1.228872800000000076e+01 4.000221599999999711e+01 1.219999999999999929e+01
1.231901900000000083e+01 3.995904699999999821e+01 1.219999999999999929e+01
1.235702099999999959e+01 3.991936900000000321e+01 1.219999999999999929e+01
1.219770899999999969e+01 3.988472099999999898e+01 1.219999999999999929e+01
1.241264800000000079e+01 3.984996300000000247e+01 1.219999999999999929e+01
1.237339000000000055e+01 3.981585299999999705e+01 1.219999999999999929e+01
1.219763299999999973e+01 3.978351599999999877e+01 1.219999999999999929e+01
1.219758099999999956e+01 3.975066499999999792e+01 1.219999999999999929e+01
1.219753099999999968e+01 3.971753799999999757e+01 1.219999999999999929e+01
1.219748399999999933e+01 3.968470299999999895e+01 1.219999999999999929e+01
1.219743700000000075e+01 3.965267300000000006e+01 1.219999999999999929e+01
1.219738700000000087e+01 3.962098999999999904e+01 1.219999999999999929e+01
1.219733399999999968e+01 3.958848600000000317e+01 1.219999999999999929e+01
1.233296999999999954e+01 3.955400499999999653e+01 1.219999999999999929e+01
1.237125999999999948e+01 3.951867299999999972e+01 1.219999999999999929e+01
1.240086999999999939e+01 3.948121499999999884e+01 1.219999999999999929e+01
1.239457699999999996e+01 3.943977300000000241e+01 1.219999999999999929e+01
1.235816600000000065e+01 3.939662899999999723e+01 1.219999999999999929e+01
1.231533499999999925e+01 3.935667699999999769e+01 1.219999999999999929e+01
1.219729300000000016e+01 3.932464900000000085e+01 1.219999999999999929e+01
1.234983100000000000e+01 3.928207700000000102e+01 1.219999999999999929e+01
1.238566499999999948e+01 3.923058600000000240e+01 1.219999999999999929e+01
1.239058400000000049e+01 3.917399900000000201e+01 1.219999999999999929e+01
1.235838900000000073e+01 3.913375500000000073e+01 1.219999999999999929e+01
1.232049199999999978e+01 3.909066800000000086e+01 1.219999999999999929e+01
1.231005900000000075e+01 3.904327200000000175e+01 1.219999999999999929e+01
1.233668100000000045e+01 3.899405099999999891e+01 1.219999999999999929e+01
1.237588299999999997e+01 3.894646600000000092e+01 1.219999999999999929e+01
1.241854099999999939e+01 3.890356299999999834e+01 1.219999999999999929e+01
1.239634900000000073e+01 3.886268400000000156e+01 1.219999999999999929e+01
1.235662600000000033e+01 3.882125200000000120e+01 1.219999999999999929e+01
1.233589599999999997e+01 3.877732100000000059e+01 1.219999999999999929e+01
1.235321700000000078e+01 3.873230099999999965e+01 1.219999999999999929e+01
1.232067299999999932e+01 3.868865399999999966e+01 1.219999999999999929e+01
1.234597400000000000e+01 3.864864800000000145e+01 1.219999999999999929e+01
1.233387199999999950e+01 3.861021399999999915e+01 1.219999999999999929e+01
1.229548899999999989e+01 3.856749500000000097e+01 1.219999999999999929e+01
1.226611399999999996e+01 3.851460300000000103e+01 1.219999999999999929e+01
1.232044299999999915e+01 3.845733400000000302e+01 1.219999999999999929e+01
1.235699699999999979e+01 3.840102000000000260e+01 1.219999999999999929e+01
1.238985399999999970e+01 3.834960099999999983e+01 1.219999999999999929e+01
1.238880799999999915e+01 3.830031799999999720e+01 1.219999999999999929e+01
1.235482099999999939e+01 3.825825499999999835e+01 1.219999999999999929e+01
1.233118100000000084e+01 3.821879200000000054e+01 1.219999999999999929e+01
1.232661200000000079e+01 3.818179800000000057e+01 1.219999999999999929e+01
1.235735400000000084e+01 3.814122799999999813e+01 1.219999999999999929e+01
1.239514400000000016e+01 3.808646099999999990e+01 1.219999999999999929e+01
1.240523800000000065e+01 3.802551900000000273e+01 1.219999999999999929e+01
1.235592100000000038e+01 3.796956399999999832e+01 1.219999999999999929e+01
1.231677600000000083e+01 3.792828099999999836e+01 1.219999999999999929e+01
1.230136099999999999e+01 3.789334499999999650e+01 1.219999999999999929e+01
1.232384500000000038e+01 3.784956999999999994e+01 1.219999999999999929e+01
1.236355799999999938e+01 3.780153299999999916e+01 1.219999999999999929e+01
1.242182999999999993e+01 3.775582699999999647e+01 1.219999999999999929e+01
1.240419499999999964e+01 3.770942800000000261e+01 1.219999999999999929e+01
1.236470800000000025e+01 3.766540400000000233e+01 1.219999999999999929e+01
1.233967400000000048e+01 3.762244799999999856e+01 1.219999999999999929e+01
1.235210999999999970e+01 3.757931099999999702e+01 1.219999999999999929e+01
1.233263600000000082e+01 3.753509199999999879e+01 1.219999999999999929e+01
1.236176900000000067e+01 3.749039899999999648e+01 1.219999999999999929e+01
1.235478299999999940e+01 3.744498000000000104e+01 1.219999999999999929e+01
1.231809600000000060e+01 3.739831900000000076e+01 1.219999999999999929e+01
1.228543799999999919e+01 3.735112900000000025e+01 1.219999999999999929e+01
1.233162399999999970e+01 3.730168100000000209e+01 1.219999999999999929e+01
1.236579500000000031e+01 3.724775799999999748e+01 1.219999999999999929e+01
1.240131900000000087e+01 3.719191800000000114e+01 1.219999999999999929e+01
1.240553899999999921e+01 3.714023999999999859e+01 1.219999999999999929e+01
1.237457500000000010e+01 3.709869499999999931e+01 1.219999999999999929e+01
1.229627499999999962e+01 3.706151400000000251e+01 1.219999999999999929e+01
1.228651799999999916e+01 3.702551400000000115e+01 1.219999999999999929e+01
1.231365899999999947e+01 3.698918900000000320e+01 1.219999999999999929e+01
1.235274000000000072e+01 3.695268999999999693e+01 1.219999999999999929e+01
1.236783100000000069e+01 3.691435700000000253e+01 1.219999999999999929e+01
1.240547399999999989e+01 3.687222200000000072e+01 1.219999999999999929e+01
1.236577699999999957e+01 3.682845799999999770e+01 1.219999999999999929e+01
1.234565100000000015e+01 3.678324299999999880e+01 1.219999999999999929e+01
1.236360200000000020e+01 3.673599000000000103e+01 1.219999999999999929e+01
1.240312699999999957e+01 3.668787700000000029e+01 1.219999999999999929e+01
1.239843499999999921e+01 3.664436400000000305e+01 1.219999999999999929e+01
1.219724800000000009e+01 3.661123099999999653e+01 1.219999999999999929e+01
1.234710399999999986e+01 3.656980399999999776e+01 1.219999999999999929e+01
1.231820699999999924e+01 3.652221699999999771e+01 1.219999999999999929e+01
1.232554000000000016e+01 3.647088699999999761e+01 1.219999999999999929e+01
1.230297999999999981e+01 3.641788999999999987e+01 1.219999999999999929e+01
1.233543200000000084e+01 3.636195200000000227e+01 1.219999999999999929e+01
1.233368300000000062e+01 3.630082199999999659e+01 1.219999999999999929e+01
1.229933800000000055e+01 3.623747900000000044e+01 1.219999999999999929e+01
1.226397200000000076e+01 3.618326499999999868e+01 1.219999999999999929e+01
1.224989500000000042e+01 3.614599900000000332e+01 1.219999999999999929e+01
1.228110099999999960e+01 3.610405800000000198e+01 1.219999999999999929e+01
1.231866800000000062e+01 3.605759299999999712e+01 1.219999999999999929e+01
1.232807999999999993e+01 3.600817599999999885e+01 1.219999999999999929e+01
1.230068400000000040e+01 3.596202900000000113e+01 1.219999999999999929e+01
1.227304600000000079e+01 3.591822400000000215e+01 1.219999999999999929e+01
1.219721000000000011e+01 3.588434900000000027e+01 1.219999999999999929e+01
1.228134099999999940e+01 3.584880799999999823e+01 1.219999999999999929e+01
1.232102800000000009e+01 3.579556300000000135e+01 1.219999999999999929e+01
1.234085100000000068e+01 3.575181099999999645e+01 1.219999999999999929e+01
1.240252800000000022e+01 3.570391599999999954e+01 1.219999999999999929e+01
1.236297399999999946e+01 3.565892699999999849e+01 1.219999999999999929e+01
1.233849000000000018e+01 3.562306000000000239e+01 1.219999999999999929e+01
1.219712499999999977e+01 3.559114300000000242e+01 1.219999999999999929e+01
1.239023399999999953e+01 3.555734499999999798e+01 1.219999999999999929e+01
1.242779999999999951e+01 3.551695600000000042e+01 1.219999999999999929e+01
1.242012199999999922e+01 3.547370599999999996e+01 1.219999999999999929e+01
1.238317100000000082e+01 3.542896499999999804e+01 1.219999999999999929e+01
1.235091899999999931e+01 3.538290400000000346e+01 1.219999999999999929e+01
1.235301899999999975e+01 3.533630200000000343e+01 1.219999999999999929e+01
1.238842499999999980e+01 3.529184000000000054e+01 1.219999999999999929e+01
1.242362900000000003e+01 3.525230100000000277e+01 1.219999999999999929e+01
1.242714900000000000e+01 3.521488000000000085e+01 1.219999999999999929e+01
1.239574999999999960e+01 3.517650499999999880e+01 1.219999999999999929e+01
1.235829900000000059e+01 3.513471299999999786e+01 1.219999999999999929e+01
1.228378599999999921e+01 3.509143799999999658e+01 1.219999999999999929e+01
1.231143100000000068e+01 3.504923699999999798e+01 1.219999999999999929e+01
1.235037900000000022e+01 3.501029400000000180e+01 1.219999999999999929e+01
1.236481799999999964e+01 3.497276200000000301e+01 1.219999999999999929e+01
1.234147100000000030e+01 3.493414800000000042e+01 1.219999999999999929e+01
1.232171400000000006e+01 3.489230799999999988e+01 1.219999999999999929e+01
1.230219800000000063e+01 3.484907199999999960e+01 1.219999999999999929e+01
1.232077400000000011e+01 3.480919999999999703e+01 1.219999999999999929e+01
1.219706299999999999e+01 3.477742099999999681e+01 1.219999999999999929e+01
1.238457099999999933e+01 3.473297999999999774e+01 1.219999999999999929e+01
1.236610399999999998e+01 3.468620599999999854e+01 1.219999999999999929e+01
1.232738200000000006e+01 3.463714300000000179e+01 1.219999999999999929e+01
1.229897199999999913e+01 3.458705100000000243e+01 1.219999999999999929e+01
1.230699500000000057e+01 3.453508200000000272e+01 1.219999999999999929e+01
1.234407400000000088e+01 3.448915800000000331e+01 1.219999999999999929e+01
1.241146499999999975e+01 3.443864500000000106e+01 1.219999999999999929e+01
1.240901700000000041e+01 3.439118200000000058e+01 1.219999999999999929e+01
1.237432300000000041e+01 3.435324599999999862e+01 1.219999999999999929e+01
1.233928399999999925e+01 3.431943700000000064e+01 1.219999999999999929e+01
1.233611400000000025e+01 3.428513499999999681e+01 1.219999999999999929e+01
1.237401499999999999e+01 3.424709399999999704e+01 1.219999999999999929e+01
1.241134800000000027e+01 3.420741399999999999e+01 1.219999999999999929e+01
1.219806299999999943e+01 3.417141399999999862e+01 1.219999999999999929e+01
1.239217299999999966e+01 3.412959699999999685e+01 1.219999999999999929e+01
1.235329600000000028e+01 3.409060499999999649e+01 1.219999999999999929e+01
1.230376099999999973e+01 3.404932000000000158e+01 1.219999999999999929e+01
1.232738799999999912e+01 3.399893300000000096e+01 1.219999999999999929e+01
1.236703299999999928e+01 3.394458699999999851e+01 1.219999999999999929e+01
1.238624300000000034e+01 3.389023699999999906e+01 1.219999999999999929e+01
1.236735700000000016e+01 3.383845699999999823e+01 1.219999999999999929e+01
1.228960000000000008e+01 3.378781200000000240e+01 1.219999999999999929e+01
1.226567200000000035e+01 3.373558400000000290e+01 1.219999999999999929e+01
1.227943600000000046e+01 3.367923400000000100e+01 1.219999999999999929e+01
1.231823600000000063e+01 3.362110599999999749e+01 1.219999999999999929e+01
1.234639899999999990e+01 3.356884399999999857e+01 1.219999999999999929e+01
1.236124200000000073e+01 3.352454399999999879e+01 1.219999999999999929e+01
1.232404000000000011e+01 3.347753099999999904e+01 1.219999999999999929e+01
1.229220399999999991e+01 3.342951200000000256e+01 1.219999999999999929e+01
1.229500499999999974e+01 3.338111700000000326e+01 1.219999999999999929e+01
1.232986900000000041e+01 3.333258299999999963e+01 1.219999999999999929e+01
1.236796999999999969e+01 3.328354699999999866e+01 1.219999999999999929e+01
1.237078900000000026e+01 3.323352799999999974e+01 1.219999999999999929e+01
1.233896400000000071e+01 3.318308900000000250e+01 1.219999999999999929e+01
1.230175400000000074e+01 3.313486900000000190e+01 1.219999999999999929e+01
1.229336999999999946e+01 3.309165999999999741e+01 1.219999999999999929e+01
1.229490099999999941e+01 3.305060499999999735e+01 1.219999999999999929e+01
1.233370299999999986e+01 3.300954600000000028e+01 1.219999999999999929e+01
1.234748300000000043e+01 3.296707200000000171e+01 1.219999999999999929e+01
1.232357099999999939e+01 3.292397400000000118e+01 1.219999999999999929e+01
1.228395100000000006e+01 3.288429800000000114e+01 1.219999999999999929e+01
1.219700699999999927e+01 3.285233499999999651e+01 1.219999999999999929e+01
1.227997700000000059e+01 3.280990599999999802e+01 1.219999999999999929e+01
1.231962099999999971e+01 3.276149300000000153e+01 1.219999999999999929e+01
1.234326500000000060e+01 3.270874500000000040e+01 1.219999999999999929e+01
1.232917100000000055e+01 3.265409199999999856e+01 1.219999999999999929e+01
1.235365999999999964e+01 3.260193799999999698e+01 1.219999999999999929e+01
1.232574999999999932e+01 3.255611600000000294e+01 1.219999999999999929e+01
1.233446099999999923e+01 3.250654399999999811e+01 1.219999999999999929e+01
1.237178699999999942e+01 3.245645900000000239e+01 1.219999999999999929e+01
1.240341100000000019e+01 3.240772799999999876e+01 1.219999999999999929e+01
1.238532999999999973e+01 3.235960800000000148e+01 1.219999999999999929e+01
1.235029800000000044e+01 3.231279500000000127e+01 1.219999999999999929e+01
1.231559599999999932e+01 3.226837199999999939e+01 1.219999999999999929e+01
1.231312800000000074e+01 3.222496900000000153e+01 1.219999999999999929e+01
1.234516299999999944e+01 3.218590300000000326e+01 1.219999999999999929e+01
1.238261299999999920e+01 3.215054500000000104e+01 1.219999999999999929e+01
1.239066799999999979e+01 3.210560699999999912e+01 1.219999999999999929e+01
1.236227099999999979e+01 3.205671999999999855e+01 1.219999999999999929e+01
1.232354400000000005e+01 3.199681899999999857e+01 1.219999999999999929e+01
1.231009399999999943e+01 3.195656299999999916e+01 1.219999999999999929e+01
1.234407500000000013e+01 3.191949999999999932e+01 1.219999999999999929e+01
1.238483300000000042e+01 3.188112599999999830e+01 1.219999999999999929e+01
1.240342399999999934e+01 3.184338699999999989e+01 1.219999999999999929e+01
1.238392200000000010e+01 3.180162400000000034e+01 1.219999999999999929e+01
1.219689299999999932e+01 3.177105699999999899e+01 1.219999999999999929e+01
1.219683799999999962e+01 3.174517200000000017e+01 1.219999999999999929e+01
1.219678299999999993e+01 3.171725299999999947e+01 1.219999999999999929e+01
1.236666400000000010e+01 3.168193899999999985e+01 1.219999999999999929e+01
1.239432599999999951e+01 3.164341500000000096e+01 1.219999999999999929e+01
1.238527299999999975e+01 3.159546800000000033e+01 1.219999999999999929e+01
1.235246199999999916e+01 3.154989300000000085e+01 1.219999999999999929e+01
1.232105199999999989e+01 3.149789000000000172e+01 1.219999999999999929e+01
1.232455500000000015e+01 3.145288199999999890e+01 1.219999999999999929e+01
1.235975099999999927e+01 3.141363000000000127e+01 1.219999999999999929e+01
1.219672500000000070e+01 3.138339399999999912e+01 1.219999999999999929e+01
1.219667699999999932e+01 3.136399499999999918e+01 1.219999999999999929e+01
1.219662699999999944e+01 3.135240299999999891e+01 1.219999999999999929e+01
1.219657400000000003e+01 3.134081899999999976e+01 1.219999999999999929e+01
1.219651999999999958e+01 3.132923399999999958e+01 1.219999999999999929e+01
1.219646599999999914e+01 3.131765000000000043e+01 1.219999999999999929e+01
1.219641099999999945e+01 3.130606600000000128e+01 1.219999999999999929e+01
1.219635899999999928e+01 3.129448100000000110e+01 1.219999999999999929e+01
1.219630599999999987e+01 3.128289699999999840e+01 1.219999999999999929e+01
1.219624999999999915e+01 3.127131200000000177e+01 1.219999999999999929e+01
1.219619100000000067e+01 3.125972799999999907e+01 1.219999999999999929e+01
1.219613700000000023e+01 3.124814399999999992e+01 1.219999999999999929e+01
1.219608599999999932e+01 3.123655899999999974e+01 1.219999999999999929e+01
1.219603799999999971e+01 3.122497500000000059e+01 1.219999999999999929e+01
1.219599000000000011e+01 3.121339000000000041e+01 1.219999999999999929e+01
1.219594000000000023e+01 3.120180600000000126e+01 1.219999999999999929e+01
1.225593899999999969e+01 3.117942000000000036e+01 1.219999999999999929e+01
1.226538399999999918e+01 3.112897500000000051e+01 1.219999999999999929e+01
1.230294499999999935e+01 3.108602000000000132e+01 1.219999999999999929e+01
1.233413900000000041e+01 3.104305799999999849e+01 1.219999999999999929e+01
1.233028599999999919e+01 3.100594800000000006e+01 1.219999999999999929e+01
1.237455899999999964e+01 3.097142300000000148e+01 1.219999999999999929e+01
1.219587300000000063e+01 3.093878199999999978e+01 1.219999999999999929e+01
1.219581900000000019e+01 3.090847600000000028e+01 1.219999999999999929e+01
1.231864000000000026e+01 3.087872799999999884e+01 1.219999999999999929e+01
1.240771799999999914e+01 3.083078100000000177e+01 1.219999999999999929e+01
1.239890100000000039e+01 3.078513099999999980e+01 1.219999999999999929e+01
1.237001500000000043e+01 3.074080199999999863e+01 1.219999999999999929e+01
1.219574700000000078e+01 3.070645800000000136e+01 1.219999999999999929e+01
1.219569199999999931e+01 3.069271099999999919e+01 1.219999999999999929e+01
1.219563699999999962e+01 3.068112700000000004e+01 1.219999999999999929e+01
1.236669799999999952e+01 3.066174699999999831e+01 1.219999999999999929e+01
1.238935099999999956e+01 3.060988100000000145e+01 1.219999999999999929e+01
1.236923900000000032e+01 3.056560500000000147e+01 1.219999999999999929e+01
1.219613000000000014e+01 3.052930500000000080e+01 1.219999999999999929e+01
1.230675100000000022e+01 3.048632299999999873e+01 1.219999999999999929e+01
1.235354599999999969e+01 3.044810400000000072e+01 1.219999999999999929e+01
1.219554699999999947e+01 3.041765399999999886e+01 1.219999999999999929e+01
1.219549899999999987e+01 3.039989200000000125e+01 1.219999999999999929e+01
1.219545199999999952e+01 3.038829499999999939e+01 1.219999999999999929e+01
1.219540300000000066e+01 3.037671100000000024e+01 1.219999999999999929e+01
1.219535100000000050e+01 3.036512700000000109e+01 1.219999999999999929e+01
1.219529700000000005e+01 3.035354200000000091e+01 1.219999999999999929e+01
1.219524499999999989e+01 3.034195800000000176e+01 1.219999999999999929e+01
1.219519700000000029e+01 3.031982999999999961e+01 1.219999999999999929e+01
1.219514999999999993e+01 3.028850999999999871e+01 1.219999999999999929e+01
1.234739599999999982e+01 3.024385399999999890e+01 1.219999999999999929e+01
1.231070000000000064e+01 3.019867299999999943e+01 1.219999999999999929e+01
1.230369600000000041e+01 3.015311600000000070e+01 1.219999999999999929e+01
1.233282200000000017e+01 3.011074800000000096e+01 1.219999999999999929e+01
1.236966199999999994e+01 3.007680600000000126e+01 1.219999999999999929e+01
1.236922700000000042e+01 3.003014699999999948e+01 1.219999999999999929e+01
1.234420500000000054e+01 2.998363900000000015e+01 1.219999999999999929e+01
1.230471600000000088e+01 2.993267799999999923e+01 1.219999999999999929e+01
1.228706299999999985e+01 2.987974099999999922e+01 1.219999999999999929e+01
1.230747700000000044e+01 2.983163199999999904e+01 1.219999999999999929e+01
1.239330499999999979e+01 2.979511899999999969e+01 1.219999999999999929e+01
1.219508000000000081e+01 2.976359700000000075e+01 1.219999999999999929e+01
1.240040800000000054e+01 2.972736400000000145e+01 1.219999999999999929e+01
1.236126699999999978e+01 2.967781899999999951e+01 1.219999999999999929e+01
1.233437200000000011e+01 2.962252200000000002e+01 1.219999999999999929e+01
1.219820700000000002e+01 2.957789299999999955e+01 1.219999999999999929e+01
1.219500299999999982e+01 2.956052400000000091e+01 1.219999999999999929e+01
1.219495500000000021e+01 2.954893900000000073e+01 1.219999999999999929e+01
1.219490900000000089e+01 2.953331899999999877e+01 1.219999999999999929e+01
1.238255499999999998e+01 2.949343700000000013e+01 1.219999999999999929e+01
1.228378299999999967e+01 2.944272399999999834e+01 1.219999999999999929e+01
1.228271499999999961e+01 2.939038499999999843e+01 1.219999999999999929e+01
1.231556199999999990e+01 2.934162800000000004e+01 1.219999999999999929e+01
1.235211999999999932e+01 2.929449699999999979e+01 1.219999999999999929e+01
1.235877699999999990e+01 2.925179899999999833e+01 1.219999999999999929e+01
1.219704199999999972e+01 2.921750099999999861e+01 1.219999999999999929e+01
1.219483800000000073e+01 2.918679500000000004e+01 1.219999999999999929e+01
1.219477999999999973e+01 2.915534699999999901e+01 1.219999999999999929e+01
1.230741000000000085e+01 2.911997500000000016e+01 1.219999999999999929e+01
1.234685999999999950e+01 2.908288900000000154e+01 1.219999999999999929e+01
1.236236800000000002e+01 2.903766699999999901e+01 1.219999999999999929e+01
1.234165300000000087e+01 2.898356800000000177e+01 1.219999999999999929e+01
1.230193099999999973e+01 2.894397899999999879e+01 1.219999999999999929e+01
1.219501499999999972e+01 2.890779500000000013e+01 1.219999999999999929e+01
1.229544600000000010e+01 2.886477500000000163e+01 1.219999999999999929e+01
1.239100799999999936e+01 2.882651900000000111e+01 1.219999999999999929e+01
1.241764700000000055e+01 2.878635299999999830e+01 1.219999999999999929e+01
1.240723000000000020e+01 2.873732000000000042e+01 1.219999999999999929e+01
1.236933800000000083e+01 2.868442100000000039e+01 1.219999999999999929e+01
1.219552599999999920e+01 2.864189400000000063e+01 1.219999999999999929e+01
1.219469800000000070e+01 2.862486399999999875e+01 1.219999999999999929e+01
1.219464400000000026e+01 2.861327800000000110e+01 1.219999999999999929e+01
1.219459299999999935e+01 2.859607600000000005e+01 1.219999999999999929e+01
1.238677000000000028e+01 2.855224199999999968e+01 1.219999999999999929e+01
1.235372699999999924e+01 2.849667699999999826e+01 1.219999999999999929e+01
1.234974700000000070e+01 2.844551500000000033e+01 1.219999999999999929e+01
1.234343900000000005e+01 2.840376699999999843e+01 1.219999999999999929e+01
1.237303799999999931e+01 2.835987300000000033e+01 1.219999999999999929e+01
1.240868099999999963e+01 2.832077100000000058e+01 1.219999999999999929e+01
1.219474499999999928e+01 2.828381299999999854e+01 1.219999999999999929e+01
1.219452599999999975e+01 2.825827299999999909e+01 1.219999999999999929e+01
1.219447399999999959e+01 2.824027900000000102e+01 1.219999999999999929e+01
1.219442100000000018e+01 2.822868400000000122e+01 1.219999999999999929e+01
1.219436699999999973e+01 2.821709900000000104e+01 1.219999999999999929e+01
1.219431600000000060e+01 2.820551499999999834e+01 1.219999999999999929e+01
1.219426600000000072e+01 2.819393099999999919e+01 1.219999999999999929e+01
1.219421499999999980e+01 2.818234599999999901e+01 1.219999999999999929e+01
1.219416200000000039e+01 2.816574299999999909e+01 1.219999999999999929e+01
1.230021299999999940e+01 2.812841399999999936e+01 1.219999999999999929e+01
1.231096900000000005e+01 2.808291799999999938e+01 1.219999999999999929e+01
1.221875900000000037e+01 2.804222800000000149e+01 1.219999999999999929e+01
1.219409699999999930e+01 2.801711900000000099e+01 1.219999999999999929e+01
1.219404800000000044e+01 2.799878599999999906e+01 1.219999999999999929e+01
1.219399800000000056e+01 2.798485300000000109e+01 1.219999999999999929e+01
1.219394400000000012e+01 2.795875600000000105e+01 1.219999999999999929e+01
1.219388799999999939e+01 2.792969300000000032e+01 1.219999999999999929e+01
1.219383299999999970e+01 2.790670300000000026e+01 1.219999999999999929e+01
1.219378099999999954e+01 2.789506499999999889e+01 1.219999999999999929e+01
1.219373200000000068e+01 2.788347999999999871e+01 1.219999999999999929e+01
1.219368099999999977e+01 2.786792600000000064e+01 1.219999999999999929e+01
1.227968899999999941e+01 2.782735900000000129e+01 1.219999999999999929e+01
1.226824000000000048e+01 2.777536500000000075e+01 1.219999999999999929e+01
1.229407100000000064e+01 2.772881399999999985e+01 1.219999999999999929e+01
1.219362500000000082e+01 2.770132699999999915e+01 1.219999999999999929e+01
1.219357199999999963e+01 2.768211399999999855e+01 1.219999999999999929e+01
1.239315000000000033e+01 2.765714300000000136e+01 1.219999999999999929e+01
1.237058500000000016e+01 2.761448499999999839e+01 1.219999999999999929e+01
1.234896299999999947e+01 2.756417100000000175e+01 1.219999999999999929e+01
1.236533000000000015e+01 2.751164100000000090e+01 1.219999999999999929e+01
1.240463800000000028e+01 2.745937199999999834e+01 1.219999999999999929e+01
1.237364400000000053e+01 2.740727899999999906e+01 1.219999999999999929e+01
1.236254600000000003e+01 2.736025000000000063e+01 1.219999999999999929e+01
1.232444800000000029e+01 2.732391700000000156e+01 1.219999999999999929e+01
1.219348500000000080e+01 2.729216999999999871e+01 1.219999999999999929e+01
1.229992500000000000e+01 2.725959999999999894e+01 1.219999999999999929e+01
1.235849999999999937e+01 2.722227699999999828e+01 1.219999999999999929e+01
1.239193900000000070e+01 2.718287799999999876e+01 1.219999999999999929e+01
1.239194700000000005e+01 2.714607399999999870e+01 1.219999999999999929e+01
1.219339300000000037e+01 2.711616499999999874e+01 1.219999999999999929e+01
1.219333999999999918e+01 2.708923000000000059e+01 1.219999999999999929e+01
1.219328400000000023e+01 2.706363999999999947e+01 1.219999999999999929e+01
1.219313000000000002e+01 2.703898300000000177e+01 1.219999999999999929e+01
1.219285900000000034e+01 2.701470199999999977e+01 1.219999999999999929e+01
1.238239599999999996e+01 2.698238299999999867e+01 1.219999999999999929e+01
1.235629999999999917e+01 2.693265999999999849e+01 1.219999999999999929e+01
1.227969700000000053e+01 2.687546700000000044e+01 1.219999999999999929e+01
1.226331200000000088e+01 2.682148499999999913e+01 1.219999999999999929e+01
1.228492100000000065e+01 2.677922500000000028e+01 1.219999999999999929e+01
1.232465200000000038e+01 2.674205800000000011e+01 1.219999999999999929e+01
1.219250899999999938e+01 2.671291199999999932e+01 1.219999999999999929e+01
1.219220600000000054e+01 2.669897200000000126e+01 1.219999999999999929e+01
1.219187499999999957e+01 2.668738799999999856e+01 1.219999999999999929e+01
1.226139000000000046e+01 2.666635899999999992e+01 1.219999999999999929e+01
1.227326200000000078e+01 2.661482900000000029e+01 1.219999999999999929e+01
1.231145800000000001e+01 2.656650300000000087e+01 1.219999999999999929e+01
1.236592899999999950e+01 2.652814800000000162e+01 1.219999999999999929e+01
1.219128700000000087e+01 2.650147099999999867e+01 1.219999999999999929e+01
1.219093699999999991e+01 2.648869799999999941e+01 1.219999999999999929e+01
1.219055099999999925e+01 2.647348099999999960e+01 1.219999999999999929e+01
1.229081099999999971e+01 2.644040499999999838e+01 1.219999999999999929e+01
1.233304599999999951e+01 2.640066600000000108e+01 1.219999999999999929e+01
1.219021399999999922e+01 2.636530399999999830e+01 1.219999999999999929e+01
1.218983000000000061e+01 2.634362499999999940e+01 1.219999999999999929e+01
1.218943299999999930e+01 2.633067099999999883e+01 1.219999999999999929e+01
1.218899500000000025e+01 2.631908599999999865e+01 1.219999999999999929e+01
1.218855399999999989e+01 2.630255400000000066e+01 1.219999999999999929e+01
1.218810700000000047e+01 2.627845299999999895e+01 1.219999999999999929e+01
1.218766899999999964e+01 2.624966300000000174e+01 1.219999999999999929e+01
1.243202900000000000e+01 2.621238900000000172e+01 1.219999999999999929e+01
1.241012699999999924e+01 2.617149500000000018e+01 1.219999999999999929e+01
1.236763700000000021e+01 2.612575000000000003e+01 1.219999999999999929e+01
1.234660900000000083e+01 2.607200800000000029e+01 1.219999999999999929e+01
1.236361400000000010e+01 2.601486600000000138e+01 1.219999999999999929e+01
1.240301799999999943e+01 2.596396700000000024e+01 1.219999999999999929e+01
1.218795099999999998e+01 2.592861399999999961e+01 1.219999999999999929e+01
1.218707500000000010e+01 2.589996000000000009e+01 1.219999999999999929e+01
1.218652299999999933e+01 2.587012500000000159e+01 1.219999999999999929e+01
1.225327500000000036e+01 2.583340600000000009e+01 1.219999999999999929e+01
1.225956900000000083e+01 2.579367699999999886e+01 1.219999999999999929e+01
1.229598099999999938e+01 2.575584399999999974e+01 1.219999999999999929e+01
1.218618200000000051e+01 2.572402200000000150e+01 1.219999999999999929e+01
1.218567900000000037e+01 2.569480400000000131e+01 1.219999999999999929e+01
1.218514099999999978e+01 2.566526299999999949e+01 1.219999999999999929e+01
1.218454799999999949e+01 2.563333599999999990e+01 1.219999999999999929e+01
1.218390999999999913e+01 2.560036300000000153e+01 1.219999999999999929e+01
1.218327400000000083e+01 2.557352300000000156e+01 1.219999999999999929e+01
1.218265500000000046e+01 2.556107400000000140e+01 1.219999999999999929e+01
1.218204000000000065e+01 2.554948900000000123e+01 1.219999999999999929e+01
1.218139500000000019e+01 2.553790499999999852e+01 1.219999999999999929e+01
1.218068399999999940e+01 2.551969400000000121e+01 1.219999999999999929e+01
1.217991400000000013e+01 2.549266400000000132e+01 1.219999999999999929e+01
1.236636599999999930e+01 2.545507900000000134e+01 1.219999999999999929e+01
1.240608800000000045e+01 2.539818299999999951e+01 1.219999999999999929e+01
1.242681699999999978e+01 2.535337499999999977e+01 1.219999999999999929e+01
1.240949299999999944e+01 2.531494999999999962e+01 1.219999999999999929e+01
1.217896999999999963e+01 2.528495399999999904e+01 1.219999999999999929e+01
1.217804800000000043e+01 2.526647300000000129e+01 1.219999999999999929e+01
1.217707599999999957e+01 2.525483099999999936e+01 1.219999999999999929e+01
1.217609999999999992e+01 2.524324700000000021e+01 1.219999999999999929e+01
1.217513800000000046e+01 2.523166200000000003e+01 1.219999999999999929e+01
1.237852999999999959e+01 2.521309000000000111e+01 1.219999999999999929e+01
1.236255200000000087e+01 2.516326300000000060e+01 1.219999999999999929e+01
1.232969600000000021e+01 2.511361000000000132e+01 1.219999999999999929e+01
1.233074300000000001e+01 2.507495300000000071e+01 1.219999999999999929e+01
1.236472999999999978e+01 2.503791199999999861e+01 1.219999999999999929e+01
1.241677999999999926e+01 2.500162900000000121e+01 1.219999999999999929e+01
1.242135000000000034e+01 2.496680999999999884e+01 1.219999999999999929e+01
1.217367400000000011e+01 2.493461999999999890e+01 1.219999999999999929e+01
1.217266099999999973e+01 2.490355200000000124e+01 1.219999999999999929e+01
1.217253400000000063e+01 2.486771600000000149e+01 1.219999999999999929e+01
1.217111000000000054e+01 2.485154400000000052e+01 1.219999999999999929e+01
1.217001499999999936e+01 2.483996000000000137e+01 1.219999999999999929e+01
1.239752000000000010e+01 2.482108799999999960e+01 1.219999999999999929e+01
1.239151099999999950e+01 2.477129800000000159e+01 1.219999999999999929e+01
1.235179800000000050e+01 2.472080800000000167e+01 1.219999999999999929e+01
1.226754000000000033e+01 2.468270199999999903e+01 1.219999999999999929e+01
1.216829199999999922e+01 2.464859099999999970e+01 1.219999999999999929e+01
1.216694099999999956e+01 2.462439099999999925e+01 1.219999999999999929e+01
1.216560499999999934e+01 2.460825200000000024e+01 1.219999999999999929e+01
1.216422999999999988e+01 2.459666700000000006e+01 1.219999999999999929e+01
1.216282900000000033e+01 2.458508199999999988e+01 1.219999999999999929e+01
1.216130300000000020e+01 2.457349800000000073e+01 1.219999999999999929e+01
1.215968400000000038e+01 2.456191300000000055e+01 1.219999999999999929e+01
1.215805699999999945e+01 2.455032900000000140e+01 1.219999999999999929e+01
1.215646500000000074e+01 2.453279300000000163e+01 1.219999999999999929e+01
1.233910499999999999e+01 2.449927800000000033e+01 1.219999999999999929e+01
1.230493399999999937e+01 2.446041500000000113e+01 1.219999999999999929e+01
1.226941000000000059e+01 2.441798199999999852e+01 1.219999999999999929e+01
1.226519099999999973e+01 2.437141400000000147e+01 1.219999999999999929e+01
1.229615599999999986e+01 2.432311500000000137e+01 1.219999999999999929e+01
1.238251400000000046e+01 2.427653499999999909e+01 1.219999999999999929e+01
1.239226900000000064e+01 2.423475099999999927e+01 1.219999999999999929e+01
1.236512800000000034e+01 2.419503800000000027e+01 1.219999999999999929e+01
1.232604700000000086e+01 2.415867499999999879e+01 1.219999999999999929e+01
1.215384300000000017e+01 2.412811400000000006e+01 1.219999999999999929e+01
1.215201199999999915e+01 2.410002499999999870e+01 1.219999999999999929e+01
1.241010400000000047e+01 2.406170600000000093e+01 1.219999999999999929e+01
1.243022999999999989e+01 2.401066000000000145e+01 1.219999999999999929e+01
1.241227699999999956e+01 2.396911899999999918e+01 1.219999999999999929e+01
1.237220399999999998e+01 2.393019599999999869e+01 1.219999999999999929e+01
1.215037599999999962e+01 2.389472599999999858e+01 1.219999999999999929e+01
1.214814999999999934e+01 2.387069599999999880e+01 1.219999999999999929e+01
1.214591899999999924e+01 2.384687999999999874e+01 1.219999999999999929e+01
1.214371700000000054e+01 2.381597100000000111e+01 1.219999999999999929e+01
1.233952999999999989e+01 2.378192400000000006e+01 1.219999999999999929e+01
1.214144100000000037e+01 2.375118600000000058e+01 1.219999999999999929e+01
1.213910500000000070e+01 2.372955999999999932e+01 1.219999999999999929e+01
1.213661199999999951e+01 2.371186900000000009e+01 1.219999999999999929e+01
1.213409399999999927e+01 2.368948599999999871e+01 1.219999999999999929e+01
1.240513800000000089e+01 2.365451699999999846e+01 1.219999999999999929e+01
1.236598200000000070e+01 2.361411700000000025e+01 1.219999999999999929e+01
1.213198500000000024e+01 2.358121399999999923e+01 1.219999999999999929e+01
1.212912999999999997e+01 2.356785899999999856e+01 1.219999999999999929e+01
1.212604299999999924e+01 2.355627499999999941e+01 1.219999999999999929e+01
1.212286600000000014e+01 2.354266300000000101e+01 1.219999999999999929e+01
1.238429900000000039e+01 2.350819900000000118e+01 1.219999999999999929e+01
1.239906500000000023e+01 2.346422700000000106e+01 1.219999999999999929e+01
1.212086399999999919e+01 2.342626699999999929e+01 1.219999999999999929e+01
1.211764999999999937e+01 2.340843800000000030e+01 1.219999999999999929e+01
1.211423899999999954e+01 2.339685000000000059e+01 1.219999999999999929e+01
1.211071100000000023e+01 2.338360600000000034e+01 1.219999999999999929e+01
1.236513500000000043e+01 2.335336699999999865e+01 1.219999999999999929e+01
1.240520599999999973e+01 2.331654599999999888e+01 1.219999999999999929e+01
1.210584200000000088e+01 2.328461499999999873e+01 1.219999999999999929e+01
1.210223599999999955e+01 2.326879699999999929e+01 1.219999999999999929e+01
1.209793900000000022e+01 2.325721199999999911e+01 1.219999999999999929e+01
1.209332799999999963e+01 2.324562799999999996e+01 1.219999999999999929e+01
1.208867099999999972e+01 2.323404299999999978e+01 1.219999999999999929e+01
1.208407500000000034e+01 2.322245900000000063e+01 1.219999999999999929e+01
1.207940800000000081e+01 2.321087400000000045e+01 1.219999999999999929e+01
1.207433499999999960e+01 2.319929000000000130e+01 1.219999999999999929e+01
1.206873700000000049e+01 2.318770599999999860e+01 1.219999999999999929e+01
1.206271699999999925e+01 2.317612099999999842e+01 1.219999999999999929e+01
1.205655199999999994e+01 2.316453699999999927e+01 1.219999999999999929e+01
1.205044700000000013e+01 2.315295199999999909e+01 1.219999999999999929e+01
1.204452399999999912e+01 2.313582600000000156e+01 1.219999999999999929e+01
1.232960500000000081e+01 2.309745900000000063e+01 1.219999999999999929e+01
1.229065699999999950e+01 2.305070500000000067e+01 1.219999999999999929e+01
1.227622000000000035e+01 2.299871500000000069e+01 1.219999999999999929e+01
1.229956800000000072e+01 2.294100699999999904e+01 1.219999999999999929e+01
1.239336699999999958e+01 2.288091500000000167e+01 1.219999999999999929e+01
1.241288699999999956e+01 2.283274099999999862e+01 1.219999999999999929e+01
1.239431000000000083e+01 2.278275100000000108e+01 1.219999999999999929e+01
1.235471899999999934e+01 2.272843699999999956e+01 1.219999999999999929e+01
1.233051400000000086e+01 2.267650599999999983e+01 1.219999999999999929e+01
1.234610499999999966e+01 2.263247900000000001e+01 1.219999999999999929e+01
1.238482800000000061e+01 2.259187800000000124e+01 1.219999999999999929e+01
1.241323700000000052e+01 2.255377599999999916e+01 1.219999999999999929e+01
1.203774300000000075e+01 2.253294199999999847e+01 1.219999999999999929e+01
1.203167200000000037e+01 2.252135000000000176e+01 1.219999999999999929e+01
1.202454600000000084e+01 2.250976599999999905e+01 1.219999999999999929e+01
1.201687000000000083e+01 2.249818099999999887e+01 1.219999999999999929e+01
1.200909099999999974e+01 2.248659699999999972e+01 1.219999999999999929e+01
1.200143599999999999e+01 2.247372000000000014e+01 1.219999999999999929e+01
1.199373300000000064e+01 2.244441499999999934e+01 1.219999999999999929e+01
1.238965999999999923e+01 2.240878100000000117e+01 1.219999999999999929e+01
1.198822999999999972e+01 2.237941000000000003e+01 1.219999999999999929e+01
1.197973799999999933e+01 2.236698600000000070e+01 1.219999999999999929e+01
1.197104900000000072e+01 2.235540100000000052e+01 1.219999999999999929e+01
1.196253800000000034e+01 2.234381700000000137e+01 1.219999999999999929e+01
1.195360400000000034e+01 2.232326300000000074e+01 1.219999999999999929e+01
1.194416900000000048e+01 2.229363899999999887e+01 1.219999999999999929e+01
1.193382100000000001e+01 2.226384099999999933e+01 1.219999999999999929e+01
1.192252000000000045e+01 2.223776099999999900e+01 1.219999999999999929e+01
1.191073599999999999e+01 2.221332699999999960e+01 1.219999999999999929e+01
1.234228500000000039e+01 2.218244100000000074e+01 1.219999999999999929e+01
1.236623100000000086e+01 2.213670400000000171e+01 1.219999999999999929e+01
1.235246500000000047e+01 2.208458200000000105e+01 1.219999999999999929e+01
1.231366500000000030e+01 2.202837699999999899e+01 1.219999999999999929e+01
1.228550300000000028e+01 2.196761800000000164e+01 1.219999999999999929e+01
1.233172800000000002e+01 2.190495800000000060e+01 1.219999999999999929e+01
1.236893500000000046e+01 2.185911300000000068e+01 1.219999999999999929e+01
1.240076999999999963e+01 2.181762700000000166e+01 1.219999999999999929e+01
1.239796699999999952e+01 2.177470900000000142e+01 1.219999999999999929e+01
1.236310300000000062e+01 2.173611400000000060e+01 1.219999999999999929e+01
1.233408099999999941e+01 2.169519400000000076e+01 1.219999999999999929e+01
1.233126299999999986e+01 2.165357500000000002e+01 1.219999999999999929e+01
1.236308999999999969e+01 2.161499699999999891e+01 1.219999999999999929e+01
1.240029900000000040e+01 2.157798100000000119e+01 1.219999999999999929e+01
1.240868200000000066e+01 2.154157199999999861e+01 1.219999999999999929e+01
1.233537500000000087e+01 2.149443700000000135e+01 1.219999999999999929e+01
1.229656899999999986e+01 2.144987499999999869e+01 1.219999999999999929e+01
1.228279000000000032e+01 2.139896200000000093e+01 1.219999999999999929e+01
1.230670300000000061e+01 2.134384500000000173e+01 1.219999999999999929e+01
1.234632299999999994e+01 2.128417400000000015e+01 1.219999999999999929e+01
1.238268300000000011e+01 2.122260400000000047e+01 1.219999999999999929e+01
1.236348800000000026e+01 2.117011600000000016e+01 1.219999999999999929e+01
1.232384000000000057e+01 2.113181600000000060e+01 1.219999999999999929e+01
1.230020099999999950e+01 2.109204099999999826e+01 1.219999999999999929e+01
1.231429499999999955e+01 2.105380699999999905e+01 1.219999999999999929e+01
1.233767600000000009e+01 2.100889499999999899e+01 1.219999999999999929e+01
1.236558800000000069e+01 2.096099099999999993e+01 1.219999999999999929e+01
1.190216999999999992e+01 2.092052100000000081e+01 1.219999999999999929e+01
1.188289600000000057e+01 2.089787400000000162e+01 1.219999999999999929e+01
1.186932700000000018e+01 2.088545200000000079e+01 1.219999999999999929e+01
1.185456499999999913e+01 2.086853100000000083e+01 1.219999999999999929e+01
1.230987999999999971e+01 2.083344299999999905e+01 1.219999999999999929e+01
1.234458200000000083e+01 2.079172600000000060e+01 1.219999999999999929e+01
1.234704900000000016e+01 2.074202400000000068e+01 1.219999999999999929e+01
1.231501300000000043e+01 2.068845699999999965e+01 1.219999999999999929e+01
1.226153900000000085e+01 2.064922699999999978e+01 1.219999999999999929e+01
1.225303100000000001e+01 2.061149699999999996e+01 1.219999999999999929e+01
1.194272600000000040e+01 2.057353900000000024e+01 1.219999999999999929e+01
1.183096199999999953e+01 2.054471200000000053e+01 1.219999999999999929e+01
1.233389200000000052e+01 2.051376399999999833e+01 1.219999999999999929e+01
1.234515400000000085e+01 2.047226900000000072e+01 1.219999999999999929e+01
1.230556400000000039e+01 2.042617200000000111e+01 1.219999999999999929e+01
1.228697400000000073e+01 2.037910400000000166e+01 1.219999999999999929e+01
1.230647699999999922e+01 2.033296100000000095e+01 1.219999999999999929e+01
1.234614200000000039e+01 2.028725400000000079e+01 1.219999999999999929e+01
1.234156300000000073e+01 2.024673800000000057e+01 1.219999999999999929e+01
1.180671899999999930e+01 2.021702099999999902e+01 1.219999999999999929e+01
1.179005399999999959e+01 2.019193299999999880e+01 1.219999999999999929e+01
1.177174899999999980e+01 2.016790500000000108e+01 1.219999999999999929e+01
1.175235400000000041e+01 2.014312400000000025e+01 1.219999999999999929e+01
1.173407699999999920e+01 2.011798100000000034e+01 1.219999999999999929e+01
1.239131700000000080e+01 2.007700699999999827e+01 1.219999999999999929e+01
1.238781299999999952e+01 2.002865699999999904e+01 1.219999999999999929e+01
1.235261700000000040e+01 1.997080199999999905e+01 1.219999999999999929e+01
1.231808799999999948e+01 1.992204999999999870e+01 1.219999999999999929e+01
1.172223900000000008e+01 1.988601399999999941e+01 1.219999999999999929e+01
1.170363000000000042e+01 1.986623000000000161e+01 1.219999999999999929e+01
1.168785300000000049e+01 1.986285399999999868e+01 1.219999999999999929e+01
1.167303599999999975e+01 1.986285399999999868e+01 1.219999999999999929e+01
1.165742000000000012e+01 1.986285399999999868e+01 1.219999999999999929e+01
1.163696299999999972e+01 1.986285399999999868e+01 1.219999999999999929e+01
1.161423899999999954e+01 1.986285399999999868e+01 1.219999999999999929e+01
1.159082300000000032e+01 1.986285399999999868e+01 1.219999999999999929e+01
1.156780099999999933e+01 1.986285399999999868e+01 1.219999999999999929e+01
1.154515100000000061e+01 1.986285399999999868e+01 1.219999999999999929e+01
1.152337099999999914e+01 1.986285399999999868e+01 1.219999999999999929e+01
1.240868500000000019e+01 1.986174300000000059e+01 1.219999999999999929e+01
1.238561100000000081e+01 1.986035400000000095e+01 1.219999999999999929e+01
1.240036100000000019e+01 1.985896500000000131e+01 1.219999999999999929e+01
1.243937500000000007e+01 1.985757699999999915e+01 1.219999999999999929e+01
1.243068099999999987e+01 1.985618799999999951e+01 1.219999999999999929e+01
1.242128300000000074e+01 1.985479899999999986e+01 1.219999999999999929e+01
1.238372099999999953e+01 1.985341000000000022e+01 1.219999999999999929e+01
1.235252799999999951e+01 1.985202100000000058e+01 1.219999999999999929e+01
1.235638299999999923e+01 1.985063200000000094e+01 1.219999999999999929e+01
1.248220000000000063e+01 1.984924300000000130e+01 1.219999999999999929e+01
1.251656000000000013e+01 1.984785400000000166e+01 1.219999999999999929e+01
1.251832399999999978e+01 1.984646499999999847e+01 1.219999999999999929e+01
1.248587799999999959e+01 1.984507699999999986e+01 1.219999999999999929e+01
1.244905100000000076e+01 1.984368800000000022e+01 1.219999999999999929e+01
1.241308399999999956e+01 1.984229900000000058e+01 1.219999999999999929e+01
1.244196799999999925e+01 1.984091000000000093e+01 1.219999999999999929e+01
1.248053099999999915e+01 1.983952100000000129e+01 1.219999999999999929e+01
1.249331600000000009e+01 1.983813200000000165e+01 1.219999999999999929e+01
1.246856900000000046e+01 1.983674299999999846e+01 1.219999999999999929e+01
1.239794200000000046e+01 1.983535399999999882e+01 1.219999999999999929e+01
1.237997400000000070e+01 1.983396499999999918e+01 1.219999999999999929e+01
1.240008599999999994e+01 1.983257700000000057e+01 1.219999999999999929e+01
1.243978599999999979e+01 1.983118800000000093e+01 1.219999999999999929e+01
1.246257400000000004e+01 1.982979900000000129e+01 1.219999999999999929e+01
1.241184499999999957e+01 1.982841000000000165e+01 1.219999999999999929e+01
1.237276400000000010e+01 1.982702099999999845e+01 1.219999999999999929e+01
1.234561199999999914e+01 1.982563199999999881e+01 1.219999999999999929e+01
1.235534900000000036e+01 1.982424299999999917e+01 1.219999999999999929e+01
1.239302400000000048e+01 1.982285399999999953e+01 1.219999999999999929e+01
1.247426899999999961e+01 1.982146499999999989e+01 1.219999999999999929e+01
1.247006799999999949e+01 1.982007700000000128e+01 1.219999999999999929e+01
1.243455100000000080e+01 1.981868800000000164e+01 1.219999999999999929e+01
1.240037500000000037e+01 1.981729899999999844e+01 1.219999999999999929e+01
1.239896199999999915e+01 1.981590999999999880e+01 1.219999999999999929e+01
1.239173800000000014e+01 1.981452099999999916e+01 1.219999999999999929e+01
1.242842899999999950e+01 1.981313199999999952e+01 1.219999999999999929e+01
1.243543099999999946e+01 1.981174299999999988e+01 1.219999999999999929e+01
1.240630499999999969e+01 1.981035400000000024e+01 1.219999999999999929e+01
1.236782799999999938e+01 1.980896500000000060e+01 1.219999999999999929e+01
1.243775899999999979e+01 1.980757699999999843e+01 1.219999999999999929e+01
1.246278599999999948e+01 1.980618799999999879e+01 1.219999999999999929e+01
1.250227499999999914e+01 1.980479899999999915e+01 1.219999999999999929e+01
1.251992699999999914e+01 1.980340999999999951e+01 1.219999999999999929e+01
1.249951100000000004e+01 1.980202099999999987e+01 1.219999999999999929e+01
1.239787600000000012e+01 1.980063200000000023e+01 1.219999999999999929e+01
1.237537400000000076e+01 1.979924300000000059e+01 1.152349099999999993e+01
1.239077499999999965e+01 1.979785400000000095e+01 1.153022200000000019e+01
1.242991499999999938e+01 1.979646500000000131e+01 1.153688700000000011e+01
1.245681000000000083e+01 1.979507699999999915e+01 1.154348500000000044e+01
1.251503899999999980e+01 1.979368799999999951e+01 1.155001700000000042e+01
1.247725900000000010e+01 1.979229899999999986e+01 1.155648500000000034e+01
1.244650700000000043e+01 1.979091000000000022e+01 1.156288799999999917e+01
1.245106000000000002e+01 1.978952100000000058e+01 1.156922699999999971e+01
1.248673400000000022e+01 1.978813200000000094e+01 1.157550400000000046e+01
1.242936899999999945e+01 1.978674300000000130e+01 1.158171699999999937e+01
1.243042400000000036e+01 1.978535400000000166e+01 1.158786899999999953e+01
1.239757700000000007e+01 1.978396499999999847e+01 1.159395999999999916e+01
1.236101999999999990e+01 1.978257699999999986e+01 1.159999000000000002e+01
1.235436400000000035e+01 1.978118800000000022e+01 1.160596100000000064e+01
1.242182000000000031e+01 1.977979900000000058e+01 1.161187100000000072e+01
1.246021000000000001e+01 1.977841000000000093e+01 1.161772299999999980e+01
1.247232699999999994e+01 1.977702100000000129e+01 1.162351699999999965e+01
1.244703299999999935e+01 1.977563200000000165e+01 1.162925300000000028e+01
1.240758399999999995e+01 1.977424299999999846e+01 1.163493199999999916e+01
1.241497500000000009e+01 1.977285399999999882e+01 1.164055500000000087e+01
1.243569300000000055e+01 1.977146499999999918e+01 1.164612100000000083e+01
1.247541499999999992e+01 1.977007700000000057e+01 1.165163199999999932e+01
1.249762199999999979e+01 1.976868800000000093e+01 1.165708899999999915e+01
1.248189799999999927e+01 1.976729900000000129e+01 1.166249099999999927e+01
1.236450600000000044e+01 1.976591000000000165e+01 1.166783900000000074e+01
1.233786699999999925e+01 1.976452099999999845e+01 1.167313399999999923e+01
1.234828500000000062e+01 1.976313199999999881e+01 1.167837699999999934e+01
1.238617699999999999e+01 1.976174299999999917e+01 1.168356700000000004e+01
1.241670500000000033e+01 1.976035399999999953e+01 1.168870599999999982e+01
1.249791300000000049e+01 1.975896499999999989e+01 1.169379299999999944e+01
1.246209200000000017e+01 1.975757700000000128e+01 1.169882999999999917e+01
1.242828000000000088e+01 1.975618800000000164e+01 1.170381700000000080e+01
1.242756999999999934e+01 1.975479899999999844e+01 1.170875400000000077e+01
1.246061399999999963e+01 1.975340999999999880e+01 1.171364200000000011e+01
1.241214000000000084e+01 1.975202099999999916e+01 1.171848100000000059e+01
1.241844399999999915e+01 1.975063199999999952e+01 1.172327199999999969e+01
1.238884400000000063e+01 1.974924299999999988e+01 1.172801600000000022e+01
1.235054900000000089e+01 1.974785400000000024e+01 1.173271199999999936e+01
1.233876700000000071e+01 1.974646500000000060e+01 1.173736199999999918e+01
1.238757500000000000e+01 1.974507699999999843e+01 1.174196500000000043e+01
1.242698200000000064e+01 1.974368799999999879e+01 1.174652200000000057e+01
1.244400100000000009e+01 1.974229899999999915e+01 1.175103499999999990e+01
1.242298500000000061e+01 1.974090999999999951e+01 1.175550199999999990e+01
1.238325700000000040e+01 1.973952099999999987e+01 1.175992500000000085e+01
1.241070400000000085e+01 1.973813200000000023e+01 1.176430399999999921e+01
1.242675400000000074e+01 1.973674300000000059e+01 1.176863900000000029e+01
1.246600899999999967e+01 1.973535400000000095e+01 1.177293099999999981e+01
1.249238199999999921e+01 1.973396500000000131e+01 1.177717999999999954e+01
1.248162499999999930e+01 1.973257699999999915e+01 1.178138700000000050e+01
1.238307400000000058e+01 1.973118799999999951e+01 1.178555300000000017e+01
1.235276799999999930e+01 1.972979899999999986e+01 1.178967699999999930e+01
1.235801999999999978e+01 1.972841000000000022e+01 1.179375899999999966e+01
1.239399700000000060e+01 1.972702100000000058e+01 1.179780200000000079e+01
1.242762300000000053e+01 1.972563200000000094e+01 1.180180299999999960e+01
1.240764599999999973e+01 1.972424300000000130e+01 1.180576600000000020e+01
1.237440699999999971e+01 1.972285400000000166e+01 1.180968799999999952e+01
1.233813100000000063e+01 1.972146499999999847e+01 1.181357200000000063e+01
1.233216900000000038e+01 1.972007699999999986e+01 1.181741700000000073e+01
1.236200299999999963e+01 1.971868800000000022e+01 1.182122400000000084e+01
1.242026700000000083e+01 1.971729900000000058e+01 1.182499299999999920e+01
1.243171399999999949e+01 1.971591000000000093e+01 1.182872399999999935e+01
1.240588200000000008e+01 1.971452100000000129e+01 1.183241800000000055e+01
1.236652300000000082e+01 1.971313200000000165e+01 1.183607600000000026e+01
1.234982199999999963e+01 1.971174299999999846e+01 1.183969699999999925e+01
1.238517000000000046e+01 1.971035399999999882e+01 1.184328200000000031e+01
1.242490300000000047e+01 1.970896499999999918e+01 1.184683099999999989e+01
1.244652299999999912e+01 1.970757700000000057e+01 1.185034500000000079e+01
1.184200300000000006e+01 1.970729299999999995e+01 1.184159499999999987e+01
1.182912499999999945e+01 1.970729299999999995e+01 1.182867300000000021e+01
1.181539099999999998e+01 1.970729299999999995e+01 1.181492000000000075e+01
1.180102199999999968e+01 1.970729299999999995e+01 1.180054100000000084e+01
1.178678299999999979e+01 1.970729299999999995e+01 1.178631599999999935e+01
1.177299000000000007e+01 1.970729299999999995e+01 1.177253400000000028e+01
1.175909200000000077e+01 1.970729299999999995e+01 1.175861500000000071e+01
1.174307100000000048e+01 1.970729299999999995e+01 1.174250299999999925e+01
1.172521899999999917e+01 1.970729299999999995e+01 1.172460000000000058e+01
1.170404399999999967e+01 1.969899600000000106e+01 1.170330500000000029e+01
1.168182599999999915e+01 1.968741199999999836e+01 1.168108699999999978e+01
1.230877599999999994e+01 1.966817999999999955e+01 1.166252399999999945e+01
1.238046899999999972e+01 1.961516500000000107e+01 1.166787199999999913e+01
1.235040799999999983e+01 1.957413899999999884e+01 1.167316699999999940e+01
1.231230200000000075e+01 1.953488199999999964e+01 1.167695999999999934e+01
1.165915599999999941e+01 1.951201899999999867e+01 1.165840099999999957e+01
1.163635299999999972e+01 1.950041500000000028e+01 1.163559399999999933e+01
1.161480000000000068e+01 1.948883000000000010e+01 1.161409500000000072e+01
1.159368199999999938e+01 1.947724600000000095e+01 1.159297199999999961e+01
1.157169500000000006e+01 1.946566199999999824e+01 1.157093300000000013e+01
1.154759899999999995e+01 1.945407700000000162e+01 1.154675499999999921e+01
1.152122300000000088e+01 1.942936200000000113e+01 1.152031500000000008e+01
1.230785499999999999e+01 1.939671399999999934e+01 1.149996100000000077e+01
1.234780899999999981e+01 1.935658300000000054e+01 1.150692699999999924e+01
1.237365199999999987e+01 1.931642400000000137e+01 1.151382300000000036e+01
1.236221899999999962e+01 1.927626499999999865e+01 1.152065100000000086e+01
1.232402300000000039e+01 1.923610499999999845e+01 1.152740999999999971e+01
1.228942999999999941e+01 1.919594599999999929e+01 1.153410299999999999e+01
1.229537700000000022e+01 1.915538400000000152e+01 1.154072799999999965e+01
1.233164799999999950e+01 1.911209900000000061e+01 1.154728800000000000e+01
1.236489300000000036e+01 1.906673899999999833e+01 1.155378299999999925e+01
1.236454799999999921e+01 1.902055899999999866e+01 1.156021299999999918e+01
1.237406200000000034e+01 1.896989999999999910e+01 1.156657900000000083e+01
1.233808199999999999e+01 1.891020899999999827e+01 1.157288100000000064e+01
1.233281599999999933e+01 1.885277400000000014e+01 1.157912100000000066e+01
1.236311000000000071e+01 1.881076900000000052e+01 1.158529899999999913e+01
1.240110999999999919e+01 1.877018699999999995e+01 1.159141600000000061e+01
1.240578700000000012e+01 1.873002800000000079e+01 1.159747100000000053e+01
1.237942400000000021e+01 1.868986800000000059e+01 1.160346599999999917e+01
1.234016699999999922e+01 1.864970599999999834e+01 1.160940199999999933e+01
1.232410699999999970e+01 1.860830899999999843e+01 1.161527799999999999e+01
1.234601100000000073e+01 1.856649799999999928e+01 1.162109700000000068e+01
1.239429200000000009e+01 1.852610900000000171e+01 1.162685699999999933e+01
1.241531999999999947e+01 1.848594999999999899e+01 1.163255999999999979e+01
1.239831399999999917e+01 1.844392300000000162e+01 1.163820600000000027e+01
1.235890999999999984e+01 1.839686299999999974e+01 1.164379600000000003e+01
1.233333499999999994e+01 1.834758000000000067e+01 1.164933000000000085e+01
1.234404699999999977e+01 1.829786700000000010e+01 1.165480900000000020e+01
1.238233899999999998e+01 1.824868199999999874e+01 1.166023400000000088e+01
1.241194800000000065e+01 1.819974300000000156e+01 1.166560499999999934e+01
1.240565299999999915e+01 1.815662100000000123e+01 1.167092199999999913e+01
1.236923999999999957e+01 1.811646199999999851e+01 1.167618700000000054e+01
1.230418500000000037e+01 1.807630199999999832e+01 1.168139900000000075e+01
1.230487899999999968e+01 1.803583499999999873e+01 1.168655900000000081e+01
1.233868299999999962e+01 1.798138300000000100e+01 1.169166799999999995e+01
1.237451599999999985e+01 1.794033500000000103e+01 1.169672599999999996e+01
1.237943199999999955e+01 1.789903800000000089e+01 1.170173300000000083e+01
1.229280699999999982e+01 1.785734100000000169e+01 1.170669099999999929e+01
1.225490699999999933e+01 1.781718199999999896e+01 1.171160000000000068e+01
1.224447600000000058e+01 1.777702299999999980e+01 1.171633699999999934e+01
1.227110000000000056e+01 1.773686400000000063e+01 1.172112399999999965e+01
1.231030200000000008e+01 1.769670400000000043e+01 1.172588900000000045e+01
1.241156999999999933e+01 1.765654500000000127e+01 1.173060599999999987e+01
1.238937999999999917e+01 1.761638599999999855e+01 1.173527699999999996e+01
1.234965799999999980e+01 1.757622699999999938e+01 1.173990099999999970e+01
1.232892999999999972e+01 1.753606699999999918e+01 1.174447900000000011e+01
1.234625300000000081e+01 1.748997500000000116e+01 1.174901200000000046e+01
1.233358499999999935e+01 1.743355299999999986e+01 1.175349899999999970e+01
1.235888500000000079e+01 1.738045400000000029e+01 1.175794199999999989e+01
1.234678100000000001e+01 1.733953599999999895e+01 1.176234000000000002e+01
1.230839800000000039e+01 1.729937599999999875e+01 1.176669500000000035e+01
1.227902399999999972e+01 1.725246800000000036e+01 1.177100700000000089e+01
1.234824099999999980e+01 1.720672100000000171e+01 1.177527500000000060e+01
1.238479700000000072e+01 1.715356900000000095e+01 1.177950099999999978e+01
1.241765200000000036e+01 1.710601499999999930e+01 1.178368500000000019e+01
1.241660399999999953e+01 1.706312099999999887e+01 1.178782799999999931e+01
1.238261600000000051e+01 1.702289899999999889e+01 1.179192899999999966e+01
1.229106499999999969e+01 1.698273999999999972e+01 1.179598900000000050e+01
1.228649399999999936e+01 1.694258100000000056e+01 1.180000899999999930e+01
1.231723700000000044e+01 1.690242200000000139e+01 1.180398899999999962e+01
1.235502699999999976e+01 1.686226200000000119e+01 1.180792899999999968e+01
1.236511800000000072e+01 1.682200699999999927e+01 1.181183099999999975e+01
1.240401899999999991e+01 1.678024800000000027e+01 1.181569299999999956e+01
1.236488100000000045e+01 1.673961600000000161e+01 1.181951699999999938e+01
1.234946700000000064e+01 1.669945600000000141e+01 1.182330299999999923e+01
1.237195400000000056e+01 1.665929699999999869e+01 1.182705100000000087e+01
1.241166699999999956e+01 1.661913799999999952e+01 1.183076200000000000e+01
1.239901899999999912e+01 1.657897900000000035e+01 1.183443600000000018e+01
1.238137700000000052e+01 1.653881900000000016e+01 1.183807299999999962e+01
1.234188900000000011e+01 1.649866000000000099e+01 1.184167500000000040e+01
1.231685700000000061e+01 1.645850099999999827e+01 1.184524000000000044e+01
1.232929599999999937e+01 1.641834199999999910e+01 1.184877000000000002e+01
1.239022199999999962e+01 1.637818299999999994e+01 1.185226499999999916e+01
1.241935900000000004e+01 1.633534600000000125e+01 1.185572499999999962e+01
1.241236999999999924e+01 1.628298200000000051e+01 1.185914999999999964e+01
1.237568199999999941e+01 1.623037899999999922e+01 1.186254199999999948e+01
1.234302600000000005e+01 1.618479900000000171e+01 1.186589999999999989e+01
1.230305500000000052e+01 1.614232900000000015e+01 1.186922400000000088e+01
1.233722000000000030e+01 1.610191599999999923e+01 1.187251499999999993e+01
1.237274400000000085e+01 1.606175700000000006e+01 1.187577399999999983e+01
1.237696099999999966e+01 1.602159699999999987e+01 1.187899999999999956e+01
1.234599599999999953e+01 1.598143800000000070e+01 1.188219400000000014e+01
1.233402199999999915e+01 1.594127899999999975e+01 1.188535599999999981e+01
1.232427299999999981e+01 1.590112000000000059e+01 1.188848699999999958e+01
1.235141499999999937e+01 1.586096000000000039e+01 1.189158600000000021e+01
1.239049600000000062e+01 1.582080099999999945e+01 1.189465500000000020e+01
1.240558500000000031e+01 1.578064200000000028e+01 1.189769300000000030e+01
1.240380900000000075e+01 1.573970599999999997e+01 1.190070099999999975e+01
1.236411000000000016e+01 1.568599799999999966e+01 1.190367900000000034e+01
1.234398599999999924e+01 1.562692299999999967e+01 1.190662799999999955e+01
1.236193899999999957e+01 1.558661400000000086e+01 1.190954699999999988e+01
1.240146499999999996e+01 1.554645499999999991e+01 1.191243700000000061e+01
1.242047600000000074e+01 1.550629600000000075e+01 1.191529799999999994e+01
1.240770400000000073e+01 1.546613699999999980e+01 1.191813100000000070e+01
1.236914499999999961e+01 1.542597699999999961e+01 1.192093599999999931e+01
1.234024900000000002e+01 1.538581800000000044e+01 1.192371299999999934e+01
1.234758399999999945e+01 1.533858099999999958e+01 1.192646200000000078e+01
1.232668600000000048e+01 1.529168300000000080e+01 1.192918300000000009e+01
1.235913700000000048e+01 1.524578299999999942e+01 1.193187799999999932e+01
1.235738599999999998e+01 1.519858200000000004e+01 1.193454599999999921e+01
1.232303899999999963e+01 1.514795400000000036e+01 1.193718699999999977e+01
1.228767500000000013e+01 1.509584800000000016e+01 1.193980200000000025e+01
1.225646399999999936e+01 1.505043200000000070e+01 1.194239100000000064e+01
1.228764600000000051e+01 1.501027200000000050e+01 1.194495500000000021e+01
1.232521200000000050e+01 1.497011200000000031e+01 1.194749200000000044e+01
1.233462199999999953e+01 1.492995299999999936e+01 1.195000500000000088e+01
1.230722399999999972e+01 1.488979400000000020e+01 1.195249199999999945e+01
1.234762500000000074e+01 1.484961099999999945e+01 1.195495500000000000e+01
1.233286700000000025e+01 1.480939300000000003e+01 1.195739299999999972e+01
1.235593100000000000e+01 1.476923400000000086e+01 1.195980699999999963e+01
1.239561600000000041e+01 1.472907499999999992e+01 1.196219699999999975e+01
1.241543599999999969e+01 1.468891400000000047e+01 1.196456300000000006e+01
1.234711000000000070e+01 1.464390000000000036e+01 1.196690599999999982e+01
1.230754699999999957e+01 1.459289599999999965e+01 1.196922499999999978e+01
1.228306500000000057e+01 1.454527399999999915e+01 1.197152200000000022e+01
1.229616900000000079e+01 1.450505300000000020e+01 1.197379500000000085e+01
1.233481199999999944e+01 1.446489399999999925e+01 1.197604600000000019e+01
1.237325399999999931e+01 1.442072800000000043e+01 1.197827400000000075e+01
1.236557499999999976e+01 1.437117300000000064e+01 1.198048000000000002e+01
1.232862199999999930e+01 1.432854200000000056e+01 1.198266500000000079e+01
1.229637199999999986e+01 1.428708600000000040e+01 1.198482699999999923e+01
1.229847400000000057e+01 1.424295099999999969e+01 1.198696799999999918e+01
1.231560099999999913e+01 1.420089499999999916e+01 1.198908800000000063e+01
1.235080300000000086e+01 1.415580699999999936e+01 1.199118600000000079e+01
1.235432100000000055e+01 1.409916600000000031e+01 1.199326399999999992e+01
1.232291900000000062e+01 1.403749000000000002e+01 1.199532100000000057e+01
1.228546900000000086e+01 1.398100400000000043e+01 1.199735800000000019e+01
1.228676199999999952e+01 1.393849699999999991e+01 1.199937399999999954e+01
1.231441399999999931e+01 1.389833800000000075e+01 1.200136999999999965e+01
1.235336200000000062e+01 1.385817800000000055e+01 1.200334699999999977e+01
1.236779800000000051e+01 1.381801899999999961e+01 1.200530400000000064e+01
1.234444899999999912e+01 1.377786000000000044e+01 1.200724100000000050e+01
1.234615200000000002e+01 1.373770099999999950e+01 1.200915900000000036e+01
1.232663900000000012e+01 1.369754099999999930e+01 1.201105800000000023e+01
1.234521799999999914e+01 1.365738200000000013e+01 1.201293800000000012e+01
1.238480900000000062e+01 1.361722299999999919e+01 1.201479900000000001e+01
1.240901200000000060e+01 1.357706400000000002e+01 1.201664199999999916e+01
1.234370599999999918e+01 1.353690399999999983e+01 1.201846600000000009e+01
1.230498000000000047e+01 1.349674500000000066e+01 1.202027299999999954e+01
1.227657199999999982e+01 1.345658599999999971e+01 1.202206100000000077e+01
1.228459699999999977e+01 1.341642700000000055e+01 1.202383099999999949e+01
1.232167699999999932e+01 1.337626700000000035e+01 1.202558400000000027e+01
1.238883000000000045e+01 1.333610799999999941e+01 1.202731999999999957e+01
1.238637899999999981e+01 1.329594900000000024e+01 1.202903799999999990e+01
1.235168400000000055e+01 1.325578999999999930e+01 1.203073900000000052e+01
1.231664600000000043e+01 1.321563100000000013e+01 1.203242299999999965e+01
1.231347799999999992e+01 1.317547099999999993e+01 1.203409100000000009e+01
1.237776999999999994e+01 1.313531200000000076e+01 1.203574099999999980e+01
1.241510399999999947e+01 1.309515299999999982e+01 1.203737600000000008e+01
1.242382899999999957e+01 1.305499400000000065e+01 1.203899400000000064e+01
1.239592599999999933e+01 1.301394600000000068e+01 1.204059600000000074e+01
1.235704899999999995e+01 1.296011500000000005e+01 1.204218200000000039e+01
1.232376600000000089e+01 1.289987799999999929e+01 1.204375199999999957e+01
1.234739700000000084e+01 1.285783999999999949e+01 1.204530699999999932e+01
1.238704199999999922e+01 1.281764100000000006e+01 1.204684600000000039e+01
1.240625000000000000e+01 1.277748199999999912e+01 1.204837000000000025e+01
1.238736100000000029e+01 1.273732299999999995e+01 1.204987900000000067e+01
1.234357299999999924e+01 1.269716299999999976e+01 1.205137299999999989e+01
1.231964800000000082e+01 1.265700400000000059e+01 1.205285199999999968e+01
1.233341500000000046e+01 1.261684499999999964e+01 1.205431600000000003e+01
1.237221500000000063e+01 1.257668600000000048e+01 1.205576499999999918e+01
1.240037599999999962e+01 1.253652600000000028e+01 1.205719999999999992e+01
1.233037400000000083e+01 1.249636699999999934e+01 1.205862100000000048e+01
1.229316500000000012e+01 1.245606399999999958e+01 1.206002800000000086e+01
1.226132999999999917e+01 1.241438100000000055e+01 1.206142099999999928e+01
1.226413400000000031e+01 1.237370600000000032e+01 1.206279999999999930e+01
1.229899900000000024e+01 1.233354699999999937e+01 1.206416499999999914e+01
1.237363900000000072e+01 1.229338800000000020e+01 1.206551600000000057e+01
1.237645799999999952e+01 1.225322899999999926e+01 1.206685500000000033e+01
1.234463099999999969e+01 1.221306900000000084e+01 1.206817900000000066e+01
1.230742200000000075e+01 1.217290999999999990e+01 1.206949099999999930e+01
1.229903999999999975e+01 1.213275100000000073e+01 1.207079000000000057e+01
1.230036499999999933e+01 1.209259199999999979e+01 1.207207499999999989e+01
1.233916600000000052e+01 1.205243199999999959e+01 1.207334799999999930e+01
1.235294500000000006e+01 1.201179999999999914e+01 1.207460799999999956e+01
1.232903100000000052e+01 1.196080399999999955e+01 1.207585599999999992e+01
1.228941099999999942e+01 1.191788700000000034e+01 1.207709099999999935e+01
1.234947599999999923e+01 1.187201999999999913e+01 1.207831400000000066e+01
1.236867799999999917e+01 1.182543399999999956e+01 1.207952500000000029e+01
1.240832200000000007e+01 1.177861399999999925e+01 1.208072400000000002e+01
1.243196499999999993e+01 1.173553399999999947e+01 1.208191099999999985e+01
1.241786899999999960e+01 1.169528999999999996e+01 1.208308599999999977e+01
1.236897399999999969e+01 1.165512999999999977e+01 1.208424899999999980e+01
1.234106200000000086e+01 1.161478900000000003e+01 1.208540099999999917e+01
1.234977400000000003e+01 1.156275199999999970e+01 1.208654100000000042e+01
1.238710099999999947e+01 1.152081000000000088e+01 1.208766999999999925e+01
1.241872399999999921e+01 1.147846299999999964e+01 1.208878799999999920e+01
1.235385499999999936e+01 1.143800300000000014e+01 1.208989399999999925e+01
1.231881800000000027e+01 1.139784399999999920e+01 1.209098999999999968e+01
1.228411700000000017e+01 1.135768400000000078e+01 1.209207400000000021e+01
1.228165100000000010e+01 1.131752499999999984e+01 1.209314799999999934e+01
1.231368800000000086e+01 1.127736600000000067e+01 1.209421200000000063e+01
1.238283599999999929e+01 1.123720699999999972e+01 1.209526400000000024e+01
1.239087600000000045e+01 1.119626000000000055e+01 1.209630600000000022e+01
1.236247599999999913e+01 1.115190400000000004e+01 1.209733800000000059e+01
1.232375000000000043e+01 1.110964799999999997e+01 1.209835999999999956e+01
1.231030299999999933e+01 1.106948799999999977e+01 1.209937099999999965e+01
1.230695300000000003e+01 1.102932900000000060e+01 1.210037200000000013e+01
1.234654300000000049e+01 1.098819499999999927e+01 1.210136299999999920e+01
1.236513199999999912e+01 1.093460100000000068e+01 1.210234499999999969e+01
1.234562799999999960e+01 1.087300199999999961e+01 1.210331700000000055e+01
1.230596300000000021e+01 1.080907700000000027e+01 1.210427900000000001e+01
1.231756500000000010e+01 1.074540599999999912e+01 1.210523099999999985e+01
1.233199100000000037e+01 1.068191099999999949e+01 1.210617399999999932e+01
1.237093699999999963e+01 1.063107699999999944e+01 1.210710800000000020e+01
1.239859799999999979e+01 1.059091199999999944e+01 1.210803199999999968e+01
1.238954200000000050e+01 1.055075300000000027e+01 1.210894700000000057e+01
1.237474199999999946e+01 1.051055400000000084e+01 1.210985299999999931e+01
1.234333499999999972e+01 1.045689499999999938e+01 1.211074999999999946e+01
1.234684000000000026e+01 1.041518800000000056e+01 1.211163799999999924e+01
1.238203700000000040e+01 1.037119799999999969e+01 1.211251700000000042e+01
1.241656500000000030e+01 1.032345699999999944e+01 1.211338800000000049e+01
1.241706300000000063e+01 1.027417699999999989e+01 1.211425000000000018e+01
1.238481999999999950e+01 1.021967500000000051e+01 1.211510299999999951e+01
1.234786300000000026e+01 1.016903300000000065e+01 1.211594700000000024e+01
1.234017099999999978e+01 1.012791999999999959e+01 1.211678400000000089e+01
1.236881499999999967e+01 1.008719900000000003e+01 1.211761199999999938e+01
1.231522599999999912e+01 1.004703899999999983e+01 1.211843200000000031e+01
1.232833600000000018e+01 1.000688000000000066e+01 1.211924300000000088e+01
1.230386400000000080e+01 9.966720799999999159e+00 1.212004699999999957e+01
1.226430299999999995e+01 9.924747299999999939e+00 1.212084199999999967e+01
1.224602499999999949e+01 9.880439400000000205e+00 1.212162299999999959e+01
1.232356599999999958e+01 9.836382000000000403e+00 1.212240300000000026e+01
1.236325399999999952e+01 9.794402599999999737e+00 1.212317499999999981e+01
1.238632699999999964e+01 9.753334399999999960e+00 1.212393999999999927e+01
1.237157599999999924e+01 9.713052400000000475e+00 1.212469699999999939e+01
1.233256300000000039e+01 9.672893099999999578e+00 1.212544600000000017e+01
1.231520300000000034e+01 9.627270499999999842e+00 1.212618800000000086e+01
1.232460099999999947e+01 9.576199400000000139e+00 1.212692200000000042e+01
1.236216300000000068e+01 9.516011400000000009e+00 1.212764899999999990e+01
1.239335499999999968e+01 9.458630899999999286e+00 1.212836899999999929e+01
1.238949900000000071e+01 9.418442999999999898e+00 1.212908200000000036e+01
1.231156700000000015e+01 9.378283800000000170e+00 1.212978700000000032e+01
1.227721099999999943e+01 9.338124499999999273e+00 1.213048599999999944e+01
1.227544699999999978e+01 9.297965299999999544e+00 1.213117800000000024e+01
1.230789500000000025e+01 9.257806099999999816e+00 1.213186299999999918e+01
1.234472099999999983e+01 9.217646800000000695e+00 1.213254099999999980e+01
1.240523899999999990e+01 9.177257400000000231e+00 1.213321200000000033e+01
1.237635599999999947e+01 9.131056299999999126e+00 1.213387600000000077e+01
1.233779400000000059e+01 9.080496300000000076e+00 1.213453400000000038e+01
1.232501000000000069e+01 9.034916199999999620e+00 1.213518599999999914e+01
1.234975799999999957e+01 8.992424099999999143e+00 1.213583099999999959e+01
1.236009400000000014e+01 8.951401900000000467e+00 1.213646899999999995e+01
1.237805700000000009e+01 8.911242599999999570e+00 1.213710099999999947e+01
1.235794300000000057e+01 8.871077500000000171e+00 1.213772699999999993e+01
1.231824300000000072e+01 8.822418199999999544e+00 1.213834699999999955e+01
1.229545700000000075e+01 8.773312600000000572e+00 1.213896000000000086e+01
1.231069600000000008e+01 8.715186900000000847e+00 1.213956800000000058e+01
1.234977499999999928e+01 8.673664000000000485e+00 1.214016900000000021e+01
1.237692599999999921e+01 8.633151599999999704e+00 1.214076400000000078e+01
1.236718800000000051e+01 8.589578500000000005e+00 1.214135399999999976e+01
1.232951300000000039e+01 8.549031400000000502e+00 1.214193700000000042e+01
1.226205000000000034e+01 8.505619400000000496e+00 1.214251499999999950e+01
1.226625300000000074e+01 8.451786800000000710e+00 1.214308699999999952e+01
1.230177100000000046e+01 8.393193600000000032e+00 1.214365300000000047e+01
1.233594599999999986e+01 8.331324000000000396e+00 1.214421399999999984e+01
1.233735800000000005e+01 8.288543000000000660e+00 1.214476900000000015e+01
1.237949099999999980e+01 8.248314699999999888e+00 1.214531799999999961e+01
1.234280299999999997e+01 8.208105899999999622e+00 1.214586300000000030e+01
1.233580199999999927e+01 8.167946699999999893e+00 1.214640099999999912e+01
1.236492900000000006e+01 8.127787500000000165e+00 1.214693499999999915e+01
1.240340499999999935e+01 8.087628199999999268e+00 1.214746300000000012e+01
1.235531199999999963e+01 8.047468999999999539e+00 1.214798500000000026e+01
1.233028499999999994e+01 8.007309799999999811e+00 1.214850299999999983e+01
1.229079600000000028e+01 7.967150499999999802e+00 1.214901500000000034e+01
1.227314499999999953e+01 7.926991300000000074e+00 1.214952300000000029e+01
1.229356199999999966e+01 7.886832100000000345e+00 1.215002499999999941e+01
1.239388800000000046e+01 7.845961800000000430e+00 1.215052200000000049e+01
1.241638900000000056e+01 7.799680099999999783e+00 1.215101399999999998e+01
1.240098700000000065e+01 7.750356100000000303e+00 1.215150200000000069e+01
1.236184599999999989e+01 7.704248800000000230e+00 1.215198400000000056e+01
1.233495300000000050e+01 7.664039200000000385e+00 1.215246199999999988e+01
1.234603300000000026e+01 7.623879999999999768e+00 1.215293499999999938e+01
1.238381900000000080e+01 7.583720800000000040e+00 1.215340300000000084e+01
1.241456999999999944e+01 7.542756599999999700e+00 1.215386699999999998e+01
1.241001499999999957e+01 7.499603600000000370e+00 1.215432599999999930e+01
1.237434200000000040e+01 7.457930300000000123e+00 1.215478099999999984e+01
1.225908399999999965e+01 7.417770700000000161e+00 1.215523100000000056e+01
1.225801799999999986e+01 7.377611500000000433e+00 1.215567599999999970e+01
1.229086599999999940e+01 7.337452299999999816e+00 1.215611700000000006e+01
1.232742200000000032e+01 7.296684299999999901e+00 1.215655399999999986e+01
1.233407700000000062e+01 7.253867999999999761e+00 1.215698599999999985e+01
1.232898899999999998e+01 7.212451800000000190e+00 1.215741399999999928e+01
1.229060400000000008e+01 7.172292500000000182e+00 1.215783799999999992e+01
1.227848799999999940e+01 7.132133200000000173e+00 1.215825700000000076e+01
1.230378200000000000e+01 7.091913899999999771e+00 1.215867300000000029e+01
1.234323200000000043e+01 7.047299500000000272e+00 1.215908400000000000e+01
1.232622699999999938e+01 6.998705199999999849e+00 1.215949099999999916e+01
1.230550799999999967e+01 6.951000299999999577e+00 1.215989399999999954e+01
1.226578600000000030e+01 6.907796199999999942e+00 1.216029299999999935e+01
1.224357900000000043e+01 6.866556100000000384e+00 1.216068300000000058e+01
1.225930499999999945e+01 6.822733099999999773e+00 1.216106800000000021e+01
1.231236299999999950e+01 6.772114499999999815e+00 1.216145500000000013e+01
1.233899700000000088e+01 6.718564100000000039e+00 1.216183799999999948e+01
1.232857800000000026e+01 6.666923800000000178e+00 1.216221799999999931e+01
1.229068499999999986e+01 6.621272900000000128e+00 1.216259400000000035e+01
1.226015800000000056e+01 6.578215900000000005e+00 1.216296600000000083e+01
1.228173299999999912e+01 6.537551699999999855e+00 1.216333500000000001e+01
1.231756099999999954e+01 6.494786000000000392e+00 1.216370000000000040e+01
1.235137199999999957e+01 6.454623899999999637e+00 1.216406100000000023e+01
1.235208100000000009e+01 6.414464599999999628e+00 1.216441799999999951e+01
1.231903600000000054e+01 6.374305399999999899e+00 1.216477199999999925e+01
1.229216199999999937e+01 6.334146099999999890e+00 1.216512299999999946e+01
1.228585400000000050e+01 6.293986900000000162e+00 1.216546999999999912e+01
1.231545500000000004e+01 6.249363899999999639e+00 1.216581399999999924e+01
1.235374999999999979e+01 6.203024899999999953e+00 1.216615400000000058e+01
1.236553100000000072e+01 6.161128099999999996e+00 1.216649100000000061e+01
1.241194600000000037e+01 6.120968699999999707e+00 1.216682400000000008e+01
1.237254500000000057e+01 6.080809499999999979e+00 1.216715400000000002e+01
1.235552700000000037e+01 6.040650199999999970e+00 1.216748100000000044e+01
1.237654400000000088e+01 6.000491000000000241e+00 1.216780400000000029e+01
1.241627199999999931e+01 5.960331799999999625e+00 1.216812499999999986e+01
1.234360500000000016e+01 5.920172499999999616e+00 1.216844200000000065e+01
1.232755000000000045e+01 5.880013299999999887e+00 1.216875600000000013e+01
1.228829499999999975e+01 5.839854100000000159e+00 1.216906700000000008e+01
1.226192299999999946e+01 5.799694800000000150e+00 1.216937500000000050e+01
1.227268100000000040e+01 5.759535600000000422e+00 1.216967900000000036e+01
1.236272899999999986e+01 5.719376399999999805e+00 1.216998099999999994e+01
1.239303400000000011e+01 5.679217099999999796e+00 1.217027999999999999e+01
1.238778100000000038e+01 5.639057900000000068e+00 1.217057499999999948e+01
1.235180300000000031e+01 5.598898700000000339e+00 1.217086800000000046e+01
1.231817900000000066e+01 5.558681899999999843e+00 1.217115800000000014e+01
1.233643299999999954e+01 5.515744699999999945e+00 1.217144500000000029e+01
1.236967300000000058e+01 5.470512900000000123e+00 1.217172899999999913e+01
1.240594800000000042e+01 5.425984099999999977e+00 1.217201099999999947e+01
1.241190899999999964e+01 5.384454700000000038e+00 1.217228899999999925e+01
1.238207500000000039e+01 5.344166500000000042e+00 1.217256500000000052e+01
1.230655100000000068e+01 5.304007300000000313e+00 1.217283800000000049e+01
1.229510400000000025e+01 5.263848000000000305e+00 1.217310799999999915e+01
1.232093700000000069e+01 5.223688799999999688e+00 1.217337599999999931e+01
1.236029599999999995e+01 5.183529599999999959e+00 1.217364099999999993e+01
1.237699500000000086e+01 5.143370299999999951e+00 1.217390299999999925e+01
1.235509399999999935e+01 5.103211100000000222e+00 1.217416200000000082e+01
1.231536299999999962e+01 5.062883199999999917e+00 1.217441999999999958e+01
1.229374299999999920e+01 5.013689000000000284e+00 1.217467399999999955e+01
1.231011200000000017e+01 4.956869799999999771e+00 1.217492599999999925e+01
1.234942000000000029e+01 4.901251499999999872e+00 1.217517600000000044e+01
1.235333499999999951e+01 4.853178100000000050e+00 1.217542300000000033e+01
1.234223700000000079e+01 4.808405099999999877e+00 1.217566700000000068e+01
1.230413899999999927e+01 4.758305299999999960e+00 1.217590900000000076e+01
1.227406599999999948e+01 4.707254200000000388e+00 1.217614900000000056e+01
1.227966699999999989e+01 4.666849499999999651e+00 1.217638600000000082e+01
1.237412999999999919e+01 4.626468899999999884e+00 1.217662100000000081e+01
1.240756999999999977e+01 4.586309700000000156e+00 1.217685400000000051e+01
1.240757600000000060e+01 4.546150400000000147e+00 1.217708400000000069e+01
1.237414599999999965e+01 4.505991200000000418e+00 1.217731200000000058e+01
1.233801500000000040e+01 4.465831900000000410e+00 1.217753800000000020e+01
1.224533100000000019e+01 4.425672699999999793e+00 1.217775600000000047e+01
1.227538999999999980e+01 4.384343499999999949e+00 1.217797700000000027e+01
1.231349100000000085e+01 4.344173399999999852e+00 1.217819599999999980e+01
1.232459799999999994e+01 4.304014099999999843e+00 1.217841300000000082e+01
1.229850000000000065e+01 4.263854900000000114e+00 1.217862799999999979e+01
1.235911699999999946e+01 4.223695700000000386e+00 1.217883999999999922e+01
1.234274500000000074e+01 4.183536400000000377e+00 1.217905099999999941e+01
1.236435499999999976e+01 4.143254200000000331e+00 1.217925900000000006e+01
1.240408599999999950e+01 4.095656199999999636e+00 1.217946599999999968e+01
1.242540999999999940e+01 4.041642200000000074e+00 1.217966999999999977e+01
1.240761000000000003e+01 3.987645600000000012e+00 1.217987199999999959e+01
1.236825299999999928e+01 3.946175499999999836e+00 1.218007199999999912e+01
1.234241100000000024e+01 3.902296300000000162e+00 1.218027099999999940e+01
1.235384499999999974e+01 3.859982200000000141e+00 1.218046700000000016e+01
1.239204100000000075e+01 3.819775499999999990e+00 1.218066100000000063e+01
1.240657200000000060e+01 3.779616299999999818e+00 1.218085400000000007e+01
1.240062099999999923e+01 3.739456999999999809e+00 1.218104399999999998e+01
1.236435099999999920e+01 3.699297800000000080e+00 1.218123300000000064e+01
1.233110600000000012e+01 3.659138599999999908e+00 1.218141999999999925e+01
1.233145200000000052e+01 3.613241499999999995e+00 1.218160499999999935e+01
1.229317099999999918e+01 3.566152199999999883e+00 1.218178799999999917e+01
1.232914899999999925e+01 3.522246700000000175e+00 1.218196900000000049e+01
1.233441299999999963e+01 3.480226399999999831e+00 1.218214799999999975e+01
1.230411900000000003e+01 3.436276100000000167e+00 1.218232599999999977e+01
1.226611899999999977e+01 3.394208900000000195e+00 1.218250199999999950e+01
1.230050800000000066e+01 3.354045300000000118e+00 1.218267600000000073e+01
1.232687400000000011e+01 3.313886099999999946e+00 1.218284799999999990e+01
1.236613099999999932e+01 3.273726799999999937e+00 1.218301899999999982e+01
1.238218999999999959e+01 3.233567600000000208e+00 1.218318799999999946e+01
1.236028499999999930e+01 3.193408400000000036e+00 1.218335500000000060e+01
1.227041700000000013e+01 3.153249100000000027e+00 1.218352100000000071e+01
1.224938799999999972e+01 3.113089899999999854e+00 1.218368500000000054e+01
1.226639499999999927e+01 3.072930599999999846e+00 1.218384700000000009e+01
1.230579900000000038e+01 3.032771400000000117e+00 1.218400800000000039e+01
1.233137299999999925e+01 2.992612199999999945e+00 1.218416700000000041e+01
1.241770700000000005e+01 2.952451799999999960e+00 1.218432400000000015e+01
1.237942199999999993e+01 2.911487000000000158e+00 1.218448000000000064e+01
1.234981400000000029e+01 2.870455799999999780e+00 1.218463500000000010e+01
1.235610999999999926e+01 2.830292500000000100e+00 1.218478799999999929e+01
1.239252300000000062e+01 2.790133200000000091e+00 1.218493899999999996e+01
1.232176399999999994e+01 2.749973999999999918e+00 1.218508899999999961e+01
1.232105899999999998e+01 2.709814800000000190e+00 1.218523700000000076e+01
1.228725400000000079e+01 2.669655500000000181e+00 1.218538400000000088e+01
1.225142199999999981e+01 2.629221499999999878e+00 1.218552900000000072e+01
1.224650699999999937e+01 2.586352199999999879e+00 1.218567000000000000e+01
1.235482799999999948e+01 2.542057900000000092e+00 1.218581200000000031e+01
1.239273000000000025e+01 2.492537800000000026e+00 1.218595299999999959e+01
1.240315999999999974e+01 2.432789399999999880e+00 1.218609299999999962e+01
1.237653500000000051e+01 2.381971300000000014e+00 1.218623099999999937e+01
1.233733299999999922e+01 2.341671799999999859e+00 1.218636799999999987e+01
1.233195500000000067e+01 2.299445400000000195e+00 1.218650399999999934e+01
1.235415199999999913e+01 2.255958699999999872e+00 1.218663800000000030e+01
1.239387499999999953e+01 2.213872799999999863e+00 1.218677100000000024e+01
1.241460099999999933e+01 2.173675900000000105e+00 1.218690299999999915e+01
1.239727700000000077e+01 2.133516699999999933e+00 1.218703299999999956e+01
1.233721099999999993e+01 2.093357399999999924e+00 1.218716200000000072e+01
1.231190600000000046e+01 2.045625799999999828e+00 1.218729000000000084e+01
1.232401100000000049e+01 1.985614400000000002e+00 1.218741699999999994e+01
1.236239499999999936e+01 1.930620100000000061e+00 1.218754200000000054e+01
1.239176800000000078e+01 1.890102799999999972e+00 1.218766600000000011e+01
1.238743700000000025e+01 1.849943600000000021e+00 1.218778799999999940e+01
1.235088499999999989e+01 1.809229900000000058e+00 1.218791000000000047e+01
1.231803000000000026e+01 1.757573800000000075e+00 1.218802999999999948e+01
1.231907900000000033e+01 1.698129900000000081e+00 1.218814899999999923e+01
1.235306800000000038e+01 1.644778000000000073e+00 1.218826699999999974e+01
1.242323299999999975e+01 1.604420500000000027e+00 1.218838399999999922e+01
1.242780199999999979e+01 1.564261200000000018e+00 1.218849999999999945e+01
1.239705700000000022e+01 1.520238500000000048e+00 1.218861399999999939e+01
1.235926899999999939e+01 1.473268199999999917e+00 1.218872700000000009e+01
1.234917800000000021e+01 1.427028299999999916e+00 1.218883899999999976e+01
1.233301999999999943e+01 1.379172300000000018e+00 1.218895000000000017e+01
1.237215899999999991e+01 1.332566099999999976e+00 1.218905999999999956e+01
1.238757200000000047e+01 1.286556000000000033e+00 1.218916899999999970e+01
1.236508399999999952e+01 1.243964199999999964e+00 1.218927700000000058e+01
1.232537100000000052e+01 1.202884999999999982e+00 1.218938400000000044e+01
1.233671999999999969e+01 1.162725800000000032e+00 1.218948900000000002e+01
1.235436200000000007e+01 1.122566500000000023e+00 1.218959399999999960e+01
1.239385099999999973e+01 1.082407300000000072e+00 1.218969799999999992e+01
1.241888199999999998e+01 1.042248099999999900e+00 1.218979999999999997e+01
1.248506700000000080e+01 9.970212999999999992e-01 1.218990200000000002e+01
1.244747699999999924e+01 9.933065800000000500e-01 1.219000199999999978e+01
1.241834099999999985e+01 9.919176699999999736e-01 1.219010100000000030e+01
1.242533099999999990e+01 9.905287900000000478e-01 1.219020000000000081e+01
1.246202000000000076e+01 9.891398999999999608e-01 1.219029699999999927e+01
1.249467500000000086e+01 9.877510099999999849e-01 1.219039399999999951e+01
1.251149200000000050e+01 9.863621200000000089e-01 1.219049000000000049e+01
1.247732399999999942e+01 9.849732300000000329e-01 1.219058399999999942e+01
1.244180199999999914e+01 9.835843399999999459e-01 1.219067800000000013e+01
1.243758500000000033e+01 9.821954499999999699e-01 1.219077099999999980e+01
1.246855099999999972e+01 9.808065599999999939e-01 1.219086300000000023e+01
