1.269999999999999929e+01 4.700000000000000000e+01 1.219999999999999929e+01
1.219996899999999940e+01 4.698487599999999986e+01 1.219996699999999912e+01
1.219993000000000016e+01 4.697329200000000071e+01 1.219992899999999914e+01
1.219989299999999943e+01 4.696170699999999698e+01 1.219989200000000018e+01
1.219985900000000001e+01 4.695012299999999783e+01 1.219985800000000076e+01
1.219982700000000087e+01 4.693853800000000120e+01 1.219982599999999984e+01
1.219979099999999939e+01 4.692695400000000205e+01 1.219979000000000013e+01
1.219975099999999912e+01 4.691537000000000290e+01 1.219974999999999987e+01
1.219970900000000036e+01 4.690378499999999917e+01 1.219970799999999933e+01
1.219966699999999982e+01 4.689220100000000002e+01 1.219966600000000057e+01
1.219962800000000058e+01 4.687742200000000281e+01 1.219962699999999955e+01
1.219959300000000013e+01 4.684896299999999769e+01 1.219959200000000088e+01
1.219955900000000071e+01 4.681660099999999858e+01 1.219955700000000043e+01
1.252571499999999993e+01 4.677342999999999762e+01 1.219956499999999977e+01
1.249805199999999950e+01 4.672421899999999795e+01 1.219957800000000070e+01
1.250710400000000000e+01 4.668232100000000173e+01 1.219959200000000088e+01
1.249618099999999998e+01 4.664333200000000090e+01 1.219960500000000003e+01
1.252758799999999972e+01 4.660418800000000061e+01 1.219959899999999919e+01
1.252408699999999975e+01 4.656032700000000091e+01 1.219961200000000012e+01
1.248889199999999988e+01 4.651581800000000300e+01 1.219962600000000030e+01
1.245436100000000046e+01 4.646528299999999945e+01 1.219963899999999946e+01
1.250899300000000025e+01 4.641210399999999936e+01 1.219965299999999964e+01
1.220077500000000015e+01 4.636988699999999852e+01 1.219965599999999917e+01
1.219962199999999974e+01 4.635345900000000086e+01 1.219962100000000049e+01
1.219958800000000032e+01 4.634187399999999712e+01 1.219958699999999929e+01
1.219955399999999912e+01 4.633028999999999797e+01 1.219955299999999987e+01
1.219951799999999942e+01 4.631870500000000135e+01 1.219951700000000017e+01
1.219948100000000046e+01 4.630712100000000220e+01 1.219947900000000018e+01
1.255587300000000006e+01 4.628361499999999751e+01 1.219945300000000010e+01
1.259598699999999916e+01 4.623507099999999781e+01 1.219946700000000028e+01
1.261426799999999915e+01 4.617678099999999830e+01 1.219947999999999944e+01
1.258450200000000052e+01 4.612506299999999726e+01 1.219949399999999962e+01
1.219947799999999916e+01 4.609371999999999758e+01 1.219947699999999990e+01
1.219943999999999917e+01 4.607119900000000001e+01 1.219943899999999992e+01
1.219940099999999994e+01 4.604537100000000294e+01 1.219940000000000069e+01
1.257550200000000018e+01 4.600673900000000316e+01 1.219941200000000059e+01
1.253562299999999929e+01 4.596254199999999912e+01 1.219942499999999974e+01
1.252622500000000016e+01 4.592134699999999725e+01 1.219943899999999992e+01
1.219941599999999937e+01 4.589018699999999740e+01 1.219941400000000087e+01
1.219937299999999958e+01 4.586337799999999731e+01 1.219937099999999930e+01
1.219932900000000053e+01 4.583696299999999724e+01 1.219932700000000025e+01
1.219928600000000074e+01 4.580855499999999836e+01 1.219928499999999971e+01
1.219924600000000048e+01 4.577925599999999662e+01 1.219924499999999945e+01
1.219920800000000050e+01 4.575661699999999854e+01 1.219920699999999947e+01
1.219916899999999949e+01 4.574498700000000184e+01 1.219916699999999921e+01
1.219912599999999969e+01 4.573340300000000269e+01 1.219912500000000044e+01
1.219908399999999915e+01 4.572181799999999896e+01 1.219908299999999990e+01
1.219904400000000066e+01 4.571023399999999981e+01 1.219904299999999964e+01
1.219900699999999993e+01 4.569865000000000066e+01 1.219900499999999965e+01
1.219897100000000023e+01 4.568329399999999652e+01 1.219896999999999920e+01
1.254428300000000007e+01 4.564342899999999759e+01 1.219897500000000079e+01
1.246381399999999928e+01 4.559241500000000258e+01 1.219898899999999919e+01
1.244584299999999999e+01 4.554284499999999980e+01 1.219900200000000012e+01
1.246595399999999998e+01 4.550361300000000142e+01 1.219901600000000030e+01
1.250565399999999983e+01 4.546890799999999899e+01 1.219902899999999946e+01
1.219900400000000040e+01 4.543994200000000205e+01 1.219900299999999937e+01
1.219896699999999967e+01 4.542027000000000214e+01 1.219896600000000042e+01
1.219892800000000044e+01 4.540794900000000212e+01 1.219892600000000016e+01
1.219888599999999990e+01 4.539636500000000296e+01 1.219888399999999962e+01
1.219884300000000010e+01 4.538477999999999923e+01 1.219884200000000085e+01
1.219880200000000059e+01 4.537319600000000008e+01 1.219880099999999956e+01
1.227915499999999938e+01 4.535271300000000139e+01 1.219875099999999968e+01
1.237235899999999944e+01 4.531095599999999735e+01 1.219876400000000061e+01
1.233684300000000000e+01 4.526116600000000290e+01 1.219877800000000079e+01
1.230266600000000032e+01 4.521336500000000314e+01 1.219879099999999994e+01
1.230125100000000060e+01 4.517504000000000275e+01 1.219880500000000012e+01
1.236323999999999934e+01 4.514084700000000083e+01 1.219881799999999927e+01
1.239993600000000029e+01 4.510510500000000178e+01 1.219883100000000020e+01
1.240694099999999978e+01 4.506336699999999951e+01 1.219884500000000038e+01
1.237781700000000029e+01 4.501902199999999965e+01 1.219885799999999954e+01
1.233933999999999997e+01 4.497434499999999957e+01 1.219887199999999972e+01
1.227531800000000040e+01 4.493065899999999857e+01 1.219888500000000064e+01
1.230033399999999943e+01 4.488741900000000129e+01 1.219889900000000083e+01
1.233982400000000013e+01 4.484240400000000193e+01 1.219891199999999998e+01
1.235747800000000041e+01 4.479331200000000024e+01 1.219892600000000016e+01
1.233706500000000084e+01 4.474246699999999777e+01 1.219893899999999931e+01
1.232968100000000078e+01 4.469289400000000256e+01 1.219895299999999949e+01
1.230718300000000021e+01 4.464717699999999923e+01 1.219896600000000042e+01
1.232258200000000059e+01 4.460313000000000017e+01 1.219898000000000060e+01
1.219896800000000070e+01 4.456909399999999977e+01 1.219896499999999939e+01
1.219891699999999979e+01 4.455544499999999886e+01 1.219891499999999951e+01
1.219886600000000065e+01 4.454386000000000223e+01 1.219886499999999963e+01
1.219881400000000049e+01 4.453184300000000206e+01 1.219881200000000021e+01
1.229690199999999933e+01 4.450237099999999657e+01 1.219876499999999986e+01
1.230352899999999927e+01 4.446462100000000106e+01 1.219877900000000004e+01
1.233920099999999920e+01 4.441985799999999784e+01 1.219879199999999919e+01
1.241403999999999996e+01 4.436536900000000117e+01 1.219880599999999937e+01
1.241510700000000078e+01 4.430677399999999722e+01 1.219881900000000030e+01
1.238226099999999974e+01 4.424880300000000233e+01 1.219883300000000048e+01
1.234570300000000032e+01 4.419483999999999924e+01 1.219884599999999963e+01
1.233904500000000048e+01 4.414262999999999693e+01 1.219885999999999981e+01
1.233054800000000029e+01 4.409936600000000340e+01 1.219887300000000074e+01
1.219882400000000011e+01 4.407405099999999720e+01 1.219882199999999983e+01
1.219877499999999948e+01 4.405767800000000278e+01 1.219877400000000023e+01
1.237727399999999989e+01 4.402064599999999928e+01 1.219876499999999986e+01
1.233782399999999946e+01 4.397201400000000149e+01 1.219877800000000079e+01
1.227196700000000007e+01 4.391736399999999918e+01 1.219879199999999919e+01
1.229267800000000044e+01 4.385887799999999714e+01 1.219880500000000012e+01
1.233239999999999981e+01 4.379949100000000328e+01 1.219881900000000030e+01
1.235460899999999995e+01 4.373980999999999852e+01 1.219883199999999945e+01
1.233888699999999972e+01 4.368357199999999807e+01 1.219884599999999963e+01
1.230765899999999924e+01 4.363222499999999826e+01 1.219885900000000056e+01
1.228102400000000038e+01 4.357840099999999950e+01 1.219887300000000074e+01
1.229143900000000045e+01 4.352715400000000301e+01 1.219888599999999990e+01
1.232933099999999982e+01 4.348302100000000081e+01 1.219890000000000008e+01
1.235986100000000043e+01 4.344196000000000168e+01 1.219891299999999923e+01
1.238133200000000045e+01 4.339988900000000172e+01 1.219892699999999941e+01
1.234550800000000059e+01 4.335365999999999786e+01 1.219894000000000034e+01
1.231169500000000028e+01 4.330562199999999962e+01 1.219895400000000052e+01
1.231098300000000023e+01 4.325273899999999827e+01 1.219896699999999967e+01
1.234402599999999950e+01 4.319113899999999973e+01 1.219898099999999985e+01
1.235253400000000035e+01 4.313492600000000010e+01 1.219899400000000078e+01
1.235884399999999950e+01 4.307822600000000079e+01 1.219900799999999919e+01
1.232924500000000023e+01 4.302216099999999699e+01 1.219902100000000011e+01
1.229095000000000049e+01 4.296639499999999856e+01 1.219903500000000030e+01
1.227916600000000003e+01 4.291281099999999782e+01 1.219904799999999945e+01
1.229080500000000065e+01 4.286368800000000334e+01 1.219906199999999963e+01
1.233021100000000025e+01 4.281647699999999901e+01 1.219907500000000056e+01
1.234723100000000073e+01 4.277422899999999828e+01 1.219908900000000074e+01
1.219907300000000028e+01 4.274132999999999782e+01 1.219907100000000000e+01
1.219901699999999956e+01 4.270909300000000286e+01 1.219901499999999928e+01
1.224666900000000069e+01 4.267318199999999706e+01 1.219900499999999965e+01
1.226271299999999975e+01 4.263024399999999758e+01 1.219901899999999983e+01
1.230196800000000046e+01 4.258425299999999680e+01 1.219903200000000076e+01
1.232834199999999925e+01 4.253621600000000313e+01 1.219904599999999917e+01
1.231758699999999962e+01 4.248580199999999962e+01 1.219905900000000010e+01
1.237596800000000030e+01 4.243439399999999750e+01 1.219907300000000028e+01
1.234567000000000014e+01 4.238558799999999849e+01 1.219908599999999943e+01
1.235092000000000034e+01 4.234298199999999923e+01 1.219909999999999961e+01
1.238689600000000013e+01 4.230304300000000239e+01 1.219911300000000054e+01
1.242052299999999931e+01 4.226316200000000123e+01 1.219912700000000072e+01
1.240755700000000061e+01 4.222166099999999744e+01 1.219913999999999987e+01
1.237431899999999985e+01 4.217944500000000119e+01 1.219915400000000005e+01
1.233804300000000076e+01 4.213379700000000128e+01 1.219916699999999921e+01
1.233207900000000024e+01 4.208129600000000181e+01 1.219918099999999939e+01
1.236191099999999921e+01 4.202586000000000155e+01 1.219919400000000032e+01
1.237624399999999980e+01 4.196692199999999673e+01 1.219920800000000050e+01
1.238768999999999920e+01 4.190762900000000002e+01 1.219922099999999965e+01
1.236186000000000007e+01 4.185087699999999700e+01 1.219923499999999983e+01
1.220467999999999975e+01 4.180552999999999741e+01 1.219924100000000067e+01
1.230579799999999935e+01 4.176935199999999782e+01 1.219923900000000039e+01
1.219924299999999917e+01 4.173372799999999927e+01 1.219922799999999974e+01
1.237116600000000055e+01 4.169382499999999681e+01 1.219921599999999984e+01
1.239278799999999947e+01 4.164489700000000028e+01 1.219923000000000002e+01
1.237642300000000084e+01 4.158568199999999848e+01 1.219924299999999917e+01
1.233711500000000072e+01 4.153234299999999735e+01 1.219925699999999935e+01
1.231864500000000007e+01 4.147695000000000221e+01 1.219927000000000028e+01
1.232973800000000075e+01 4.141622199999999765e+01 1.219928400000000046e+01
1.236783600000000050e+01 4.136125599999999736e+01 1.219929699999999961e+01
1.239791100000000057e+01 4.130846199999999868e+01 1.219931099999999979e+01
1.239231299999999969e+01 4.125665300000000002e+01 1.219932400000000072e+01
1.230963999999999992e+01 4.120825700000000325e+01 1.219933799999999913e+01
1.227619900000000008e+01 4.116650099999999668e+01 1.219935100000000006e+01
1.227618900000000046e+01 4.112758500000000339e+01 1.219936500000000024e+01
1.230961699999999936e+01 4.108726699999999710e+01 1.219937799999999939e+01
1.234574899999999964e+01 4.104210499999999939e+01 1.219939199999999957e+01
1.243284599999999962e+01 4.099484300000000303e+01 1.219940500000000050e+01
1.240278900000000029e+01 4.095177999999999940e+01 1.219941900000000068e+01
1.219940199999999919e+01 4.091904900000000112e+01 1.219940000000000069e+01
1.219935000000000080e+01 4.088656199999999785e+01 1.219934800000000052e+01
1.219929800000000064e+01 4.085535999999999746e+01 1.219929699999999961e+01
1.219924800000000076e+01 4.082526200000000216e+01 1.219924699999999973e+01
1.219919999999999938e+01 4.079559299999999666e+01 1.219919900000000013e+01
1.239255099999999921e+01 4.076044399999999968e+01 1.219918499999999995e+01
1.235281999999999947e+01 4.071331899999999848e+01 1.219919800000000087e+01
1.233149300000000004e+01 4.066105400000000003e+01 1.219921199999999928e+01
1.233195399999999964e+01 4.060406100000000151e+01 1.219922500000000021e+01
1.237130999999999936e+01 4.054370099999999866e+01 1.219923900000000039e+01
1.239715400000000045e+01 4.048718399999999917e+01 1.219925199999999954e+01
1.238572399999999973e+01 4.043064100000000138e+01 1.219926599999999972e+01
1.234752899999999975e+01 4.037560400000000271e+01 1.219927900000000065e+01
1.228398999999999930e+01 4.032123299999999944e+01 1.219929300000000083e+01
1.228993299999999955e+01 4.027160200000000145e+01 1.219930599999999998e+01
1.232620200000000033e+01 4.023164899999999733e+01 1.219932000000000016e+01
1.235944899999999969e+01 4.019584300000000354e+01 1.219933299999999932e+01
1.235910699999999984e+01 4.015658799999999928e+01 1.219934699999999950e+01
1.232997899999999980e+01 4.010726999999999975e+01 1.219936000000000043e+01
1.229399500000000067e+01 4.005360199999999793e+01 1.219937400000000061e+01
1.228872800000000076e+01 4.000238000000000227e+01 1.219938699999999976e+01
1.231901900000000083e+01 3.995921200000000084e+01 1.219940099999999994e+01
1.235702099999999959e+01 3.991953399999999874e+01 1.219941400000000087e+01
1.219941500000000012e+01 3.988488799999999657e+01 1.219940700000000078e+01
1.241264800000000079e+01 3.985013200000000211e+01 1.219939500000000088e+01
1.237339000000000055e+01 3.981602300000000128e+01 1.219940800000000003e+01
1.219936000000000043e+01 3.978368600000000299e+01 1.219935800000000015e+01
1.219930899999999951e+01 3.975083399999999756e+01 1.219930699999999923e+01
1.219925899999999963e+01 3.971770699999999721e+01 1.219925699999999935e+01
1.219921100000000003e+01 3.968487199999999859e+01 1.219921000000000078e+01
1.219916399999999967e+01 3.965284199999999970e+01 1.219916300000000042e+01
1.219911399999999979e+01 3.962115899999999868e+01 1.219911300000000054e+01
1.219906199999999963e+01 3.958865600000000029e+01 1.219905999999999935e+01
1.233296999999999954e+01 3.955417400000000328e+01 1.219906399999999991e+01
1.237125999999999948e+01 3.951884199999999936e+01 1.219907700000000084e+01
1.240086999999999939e+01 3.948138300000000100e+01 1.219909099999999924e+01
1.239457699999999996e+01 3.943994099999999747e+01 1.219910400000000017e+01
1.235816600000000065e+01 3.939679699999999940e+01 1.219911800000000035e+01
1.231533499999999925e+01 3.935684599999999733e+01 1.219913099999999950e+01
1.219910400000000017e+01 3.932481899999999797e+01 1.219910299999999914e+01
1.234983100000000000e+01 3.928224800000000272e+01 1.219910100000000064e+01
1.238566499999999948e+01 3.923075500000000204e+01 1.219911500000000082e+01
1.239058400000000049e+01 3.917416599999999960e+01 1.219912799999999997e+01
1.235838900000000073e+01 3.913392199999999832e+01 1.219914200000000015e+01
1.232049199999999978e+01 3.909083400000000097e+01 1.219915499999999930e+01
1.231005900000000075e+01 3.904343699999999728e+01 1.219916899999999949e+01
1.233668100000000045e+01 3.899421600000000154e+01 1.219918200000000041e+01
1.237588299999999997e+01 3.894663200000000103e+01 1.219919600000000059e+01
1.241854099999999939e+01 3.890372899999999845e+01 1.219920899999999975e+01
1.239634900000000073e+01 3.886285099999999915e+01 1.219922299999999993e+01
1.235662600000000033e+01 3.882141899999999879e+01 1.219923600000000086e+01
1.233589599999999997e+01 3.877748700000000071e+01 1.219924999999999926e+01
1.235321700000000078e+01 3.873246699999999976e+01 1.219926300000000019e+01
1.232067299999999932e+01 3.868882099999999724e+01 1.219927700000000037e+01
1.234597400000000000e+01 3.864881499999999903e+01 1.219928999999999952e+01
1.233387199999999950e+01 3.861038099999999673e+01 1.219930399999999970e+01
1.229548899999999989e+01 3.856765999999999650e+01 1.219931700000000063e+01
1.226611399999999996e+01 3.851476699999999909e+01 1.219933100000000081e+01
1.232044299999999915e+01 3.845749699999999649e+01 1.219934399999999997e+01
1.235699699999999979e+01 3.840118499999999813e+01 1.219935800000000015e+01
1.238985399999999970e+01 3.834976600000000246e+01 1.219937099999999930e+01
1.238880799999999915e+01 3.830048299999999983e+01 1.219938499999999948e+01
1.235482099999999939e+01 3.825842300000000051e+01 1.219939800000000041e+01
1.233118100000000084e+01 3.821896199999999766e+01 1.219939699999999938e+01
1.232661200000000079e+01 3.818196999999999974e+01 1.219941099999999956e+01
1.235735400000000084e+01 3.814139699999999777e+01 1.219942400000000049e+01
1.239514400000000016e+01 3.808662799999999748e+01 1.219943800000000067e+01
1.240523800000000065e+01 3.802568500000000284e+01 1.219945099999999982e+01
1.235592100000000038e+01 3.796973299999999796e+01 1.219946500000000000e+01
1.231677600000000083e+01 3.792845200000000006e+01 1.219947799999999916e+01
1.230136099999999999e+01 3.789351700000000278e+01 1.219949199999999934e+01
1.232384500000000038e+01 3.784973699999999752e+01 1.219950500000000027e+01
1.236355799999999938e+01 3.780169800000000180e+01 1.219951900000000045e+01
1.242182999999999993e+01 3.775599199999999911e+01 1.219953199999999960e+01
1.240419499999999964e+01 3.770959299999999814e+01 1.219954599999999978e+01
1.236470800000000025e+01 3.766556899999999786e+01 1.219955900000000071e+01
1.233967400000000048e+01 3.762261300000000119e+01 1.219957299999999911e+01
1.235210999999999970e+01 3.757947599999999966e+01 1.219958600000000004e+01
1.233263600000000082e+01 3.753525700000000143e+01 1.219960000000000022e+01
1.236176900000000067e+01 3.749056399999999911e+01 1.219961299999999937e+01
1.235478299999999940e+01 3.744514399999999910e+01 1.219962699999999955e+01
1.231809600000000060e+01 3.739848299999999881e+01 1.219964000000000048e+01
1.228543799999999919e+01 3.735129299999999830e+01 1.219965400000000066e+01
1.233162399999999970e+01 3.730184500000000014e+01 1.219966699999999982e+01
1.236579500000000031e+01 3.724792099999999806e+01 1.219968100000000000e+01
1.240131900000000087e+01 3.719208100000000172e+01 1.219969399999999915e+01
1.240553899999999921e+01 3.714040500000000122e+01 1.219970799999999933e+01
1.237457500000000010e+01 3.709886099999999942e+01 1.219972100000000026e+01
1.229627499999999962e+01 3.706168000000000262e+01 1.219973500000000044e+01
1.228651799999999916e+01 3.702568000000000126e+01 1.219974799999999959e+01
1.231365899999999947e+01 3.698935600000000079e+01 1.219976199999999977e+01
1.235274000000000072e+01 3.695285599999999704e+01 1.219977500000000070e+01
1.236783100000000069e+01 3.691452199999999806e+01 1.219978900000000088e+01
1.240547399999999989e+01 3.687238700000000335e+01 1.219980200000000004e+01
1.236577699999999957e+01 3.682862300000000033e+01 1.219981600000000022e+01
1.234565100000000015e+01 3.678340699999999686e+01 1.219982899999999937e+01
1.236360200000000020e+01 3.673615499999999656e+01 1.219984299999999955e+01
1.240312699999999957e+01 3.668804099999999835e+01 1.219985600000000048e+01
1.239843499999999921e+01 3.664453000000000316e+01 1.219987000000000066e+01
1.219985800000000076e+01 3.661139800000000122e+01 1.219985600000000048e+01
1.234710399999999986e+01 3.656997199999999992e+01 1.219985199999999992e+01
1.231820699999999924e+01 3.652238400000000240e+01 1.219986500000000085e+01
1.232554000000000016e+01 3.647105400000000230e+01 1.219987899999999925e+01
1.230297999999999981e+01 3.641805699999999746e+01 1.219989200000000018e+01
1.233543200000000084e+01 3.636211800000000238e+01 1.219990600000000036e+01
1.233368300000000062e+01 3.630098799999999670e+01 1.219991899999999951e+01
1.229933800000000055e+01 3.623764400000000308e+01 1.219993299999999969e+01
1.226397200000000076e+01 3.618343300000000085e+01 1.219994600000000062e+01
1.224989599999999967e+01 3.614617100000000249e+01 1.219994299999999932e+01
1.228110099999999960e+01 3.610423099999999863e+01 1.219995699999999950e+01
1.231866800000000062e+01 3.605775899999999723e+01 1.219997000000000043e+01
1.232807999999999993e+01 3.600833800000000195e+01 1.219998400000000061e+01
1.230068400000000040e+01 3.596219099999999713e+01 1.219999699999999976e+01
1.227304600000000079e+01 3.591838800000000020e+01 1.219999999999999929e+01
1.219999100000000070e+01 3.588451400000000291e+01 1.219998200000000033e+01
1.228134099999999940e+01 3.584897300000000087e+01 1.219994900000000015e+01
1.232102800000000009e+01 3.579572499999999735e+01 1.219996300000000033e+01
1.234085100000000068e+01 3.575197200000000208e+01 1.219997599999999949e+01
1.240252800000000022e+01 3.570407699999999807e+01 1.219998900000000042e+01
1.236297399999999946e+01 3.565908999999999907e+01 1.219999999999999929e+01
1.233849000000000018e+01 3.562322300000000297e+01 1.219999999999999929e+01
1.219996199999999931e+01 3.559130700000000047e+01 1.219996100000000006e+01
1.239023399999999953e+01 3.555750799999999856e+01 1.219993900000000053e+01
1.242779999999999951e+01 3.551711800000000352e+01 1.219995199999999969e+01
1.242012199999999922e+01 3.547386800000000306e+01 1.219996599999999987e+01
1.238317100000000082e+01 3.542912599999999657e+01 1.219997900000000080e+01
1.235091899999999931e+01 3.538306599999999946e+01 1.219999299999999920e+01
1.235301899999999975e+01 3.533646300000000195e+01 1.219999999999999929e+01
1.238842499999999980e+01 3.529200199999999654e+01 1.219999999999999929e+01
1.242362900000000003e+01 3.525246400000000335e+01 1.219999999999999929e+01
1.242714900000000000e+01 3.521504300000000143e+01 1.219999999999999929e+01
1.239574999999999960e+01 3.517666700000000191e+01 1.219999999999999929e+01
1.235829900000000059e+01 3.513487500000000097e+01 1.219999999999999929e+01
1.228378599999999921e+01 3.509159999999999968e+01 1.219999999999999929e+01
1.231143100000000068e+01 3.504939900000000108e+01 1.219999999999999929e+01
1.235037900000000022e+01 3.501045700000000238e+01 1.219999999999999929e+01
1.236481799999999964e+01 3.497292399999999901e+01 1.219999999999999929e+01
1.234147100000000030e+01 3.493431100000000100e+01 1.219999999999999929e+01
1.232171400000000006e+01 3.489247000000000298e+01 1.219999999999999929e+01
1.230219800000000063e+01 3.484923400000000271e+01 1.219999999999999929e+01
1.232077400000000011e+01 3.480936299999999761e+01 1.219999999999999929e+01
1.219996699999999912e+01 3.477758500000000197e+01 1.219996599999999987e+01
1.238457099999999933e+01 3.473314500000000038e+01 1.219997299999999996e+01
1.236610399999999998e+01 3.468636999999999659e+01 1.219998700000000014e+01
1.232738200000000006e+01 3.463730699999999985e+01 1.219999999999999929e+01
1.229897199999999913e+01 3.458721500000000049e+01 1.219999999999999929e+01
1.230699500000000057e+01 3.453524300000000125e+01 1.219999999999999929e+01
1.234407400000000088e+01 3.448931699999999978e+01 1.219999999999999929e+01
1.241146499999999975e+01 3.443880399999999753e+01 1.219999999999999929e+01
1.240901700000000041e+01 3.439134299999999911e+01 1.219999999999999929e+01
1.237432300000000041e+01 3.435340800000000172e+01 1.219999999999999929e+01
1.233928399999999925e+01 3.431959899999999664e+01 1.219999999999999929e+01
1.233611400000000025e+01 3.428529699999999991e+01 1.219999999999999929e+01
1.237401499999999999e+01 3.424725500000000267e+01 1.219999999999999929e+01
1.241134800000000027e+01 3.420757600000000309e+01 1.219999999999999929e+01
1.220099300000000042e+01 3.417157699999999920e+01 1.219999199999999995e+01
1.239217299999999966e+01 3.412976100000000201e+01 1.219999800000000079e+01
1.235329600000000028e+01 3.409076999999999913e+01 1.219999999999999929e+01
1.230376099999999973e+01 3.404948300000000216e+01 1.219999999999999929e+01
1.232738799999999912e+01 3.399909499999999696e+01 1.219999999999999929e+01
1.236703299999999928e+01 3.394474900000000162e+01 1.219999999999999929e+01
1.238624300000000034e+01 3.389039900000000216e+01 1.219999999999999929e+01
1.236735700000000016e+01 3.383861900000000134e+01 1.219999999999999929e+01
1.228960000000000008e+01 3.378797500000000298e+01 1.219999999999999929e+01
1.226567200000000035e+01 3.373574599999999890e+01 1.219999999999999929e+01
1.227943600000000046e+01 3.367939499999999953e+01 1.219999999999999929e+01
1.231823600000000063e+01 3.362126700000000312e+01 1.219999999999999929e+01
1.234639899999999990e+01 3.356900300000000215e+01 1.219999999999999929e+01
1.236124200000000073e+01 3.352470300000000236e+01 1.219999999999999929e+01
1.232404000000000011e+01 3.347769000000000261e+01 1.219999999999999929e+01
1.229220399999999991e+01 3.342967000000000155e+01 1.219999999999999929e+01
1.229500499999999974e+01 3.338127500000000225e+01 1.219999999999999929e+01
1.232986900000000041e+01 3.333274099999999862e+01 1.219999999999999929e+01
1.236796999999999969e+01 3.328370499999999765e+01 1.219999999999999929e+01
1.237078900000000026e+01 3.323368599999999873e+01 1.219999999999999929e+01
1.233896400000000071e+01 3.318324700000000149e+01 1.219999999999999929e+01
1.230175400000000074e+01 3.313502799999999837e+01 1.219999999999999929e+01
1.229336999999999946e+01 3.309181999999999846e+01 1.219999999999999929e+01
1.229490099999999941e+01 3.305076499999999839e+01 1.219999999999999929e+01
1.233370299999999986e+01 3.300970499999999674e+01 1.219999999999999929e+01
1.234748300000000043e+01 3.296723200000000276e+01 1.219999999999999929e+01
1.232357099999999939e+01 3.292413400000000223e+01 1.219999999999999929e+01
1.228395100000000006e+01 3.288445899999999966e+01 1.219999999999999929e+01
1.219996500000000061e+01 3.285249699999999962e+01 1.219996300000000033e+01
1.227997700000000059e+01 3.281006800000000112e+01 1.219996000000000080e+01
1.231962099999999971e+01 3.276165400000000005e+01 1.219997299999999996e+01
1.234326500000000060e+01 3.270890599999999893e+01 1.219998700000000014e+01
1.232917100000000055e+01 3.265425299999999709e+01 1.219999999999999929e+01
1.235365999999999964e+01 3.260209600000000307e+01 1.219999999999999929e+01
1.232574999999999932e+01 3.255627299999999735e+01 1.219999999999999929e+01
1.233446099999999923e+01 3.250670099999999962e+01 1.219999999999999929e+01
1.237178699999999942e+01 3.245661599999999680e+01 1.219999999999999929e+01
1.240341100000000019e+01 3.240788500000000028e+01 1.219999999999999929e+01
1.238532999999999973e+01 3.235976500000000300e+01 1.219999999999999929e+01
1.235029800000000044e+01 3.231295300000000026e+01 1.219999999999999929e+01
1.231559599999999932e+01 3.226852999999999838e+01 1.219999999999999929e+01
1.231312800000000074e+01 3.222512700000000052e+01 1.219999999999999929e+01
1.234516299999999944e+01 3.218606299999999720e+01 1.219999999999999929e+01
1.238261299999999920e+01 3.215070599999999956e+01 1.219997700000000052e+01
1.239066799999999979e+01 3.210576900000000222e+01 1.219999100000000070e+01
1.236227099999999979e+01 3.205687900000000212e+01 1.219999999999999929e+01
1.232354400000000005e+01 3.199697700000000111e+01 1.219999999999999929e+01
1.231009399999999943e+01 3.195672000000000068e+01 1.219999999999999929e+01
1.234409999999999918e+01 3.191966000000000037e+01 1.219999299999999920e+01
1.238483300000000042e+01 3.188128899999999888e+01 1.219999999999999929e+01
1.240342399999999934e+01 3.184355100000000149e+01 1.219998099999999930e+01
1.238392200000000010e+01 3.180179000000000045e+01 1.219999400000000023e+01
1.219996000000000080e+01 3.177122500000000116e+01 1.219995800000000052e+01
1.219990499999999933e+01 3.174533999999999878e+01 1.219990300000000083e+01
1.219984999999999964e+01 3.171741899999999958e+01 1.219984799999999936e+01
1.236666400000000010e+01 3.168210499999999996e+01 1.219984600000000086e+01
1.239432599999999951e+01 3.164358000000000004e+01 1.219985900000000001e+01
1.238527299999999975e+01 3.159562800000000138e+01 1.219987300000000019e+01
1.235246199999999916e+01 3.155005200000000087e+01 1.219988599999999934e+01
1.232105199999999989e+01 3.149804800000000071e+01 1.219989999999999952e+01
1.232455500000000015e+01 3.145304399999999845e+01 1.219991300000000045e+01
1.235975099999999927e+01 3.141379500000000036e+01 1.219991899999999951e+01
1.219988500000000009e+01 3.138355999999999923e+01 1.219988299999999981e+01
1.219983599999999946e+01 3.136416300000000135e+01 1.219983500000000021e+01
1.219978700000000060e+01 3.135257100000000108e+01 1.219978500000000032e+01
1.219973399999999941e+01 3.134098699999999837e+01 1.219973199999999913e+01
1.219967899999999972e+01 3.132940200000000175e+01 1.219967699999999944e+01
1.219962499999999928e+01 3.131781799999999905e+01 1.219962400000000002e+01
1.219957100000000061e+01 3.130623399999999990e+01 1.219956900000000033e+01
1.219951799999999942e+01 3.129464899999999972e+01 1.219951700000000017e+01
1.219946500000000000e+01 3.128306500000000057e+01 1.219946299999999972e+01
1.219940899999999928e+01 3.127148100000000142e+01 1.219940700000000078e+01
1.219935000000000080e+01 3.125989600000000124e+01 1.219934800000000052e+01
1.219929600000000036e+01 3.124831199999999853e+01 1.219929499999999933e+01
1.219924600000000048e+01 3.123672699999999836e+01 1.219924400000000020e+01
1.219919800000000087e+01 3.122514299999999920e+01 1.219919600000000059e+01
1.219914999999999949e+01 3.121355900000000005e+01 1.219914799999999921e+01
1.219909999999999961e+01 3.120197399999999988e+01 1.219909799999999933e+01
1.225594199999999923e+01 3.117958399999999841e+01 1.219905699999999982e+01
1.226538399999999918e+01 3.112913500000000155e+01 1.219907000000000075e+01
1.230294499999999935e+01 3.108617900000000134e+01 1.219908399999999915e+01
1.233413900000000041e+01 3.104321900000000056e+01 1.219909700000000008e+01
1.233028599999999919e+01 3.100610899999999859e+01 1.219911100000000026e+01
1.237455899999999964e+01 3.097158400000000000e+01 1.219912399999999941e+01
1.219911100000000026e+01 3.093894299999999831e+01 1.219910899999999998e+01
1.219905699999999982e+01 3.090863799999999983e+01 1.219905499999999954e+01
1.231961399999999962e+01 3.087888999999999839e+01 1.219900600000000068e+01
1.240771799999999914e+01 3.083094300000000132e+01 1.219901899999999983e+01
1.239890100000000039e+01 3.078529400000000038e+01 1.219903200000000076e+01
1.237001500000000043e+01 3.074096499999999921e+01 1.219904599999999917e+01
1.219903399999999927e+01 3.070662499999999895e+01 1.219903200000000076e+01
1.219897899999999957e+01 3.069287900000000135e+01 1.219897699999999929e+01
1.219892399999999988e+01 3.068129499999999865e+01 1.219892199999999960e+01
1.236678799999999967e+01 3.066191299999999842e+01 1.219887800000000055e+01
1.238935099999999956e+01 3.061004199999999997e+01 1.219889099999999971e+01
1.236923900000000032e+01 3.056576499999999896e+01 1.219890499999999989e+01
1.219944300000000048e+01 3.052946700000000035e+01 1.219890599999999914e+01
1.230675100000000022e+01 3.048648700000000034e+01 1.219891499999999951e+01
1.235354599999999969e+01 3.044826899999999981e+01 1.219892899999999969e+01
1.219890499999999989e+01 3.041782100000000000e+01 1.219890299999999961e+01
1.219885700000000028e+01 3.040005999999999986e+01 1.219885599999999926e+01
1.219880999999999993e+01 3.038846300000000156e+01 1.219880799999999965e+01
1.219876099999999930e+01 3.037687899999999885e+01 1.219875900000000080e+01
1.219870899999999914e+01 3.036529499999999970e+01 1.219870700000000063e+01
1.219865500000000047e+01 3.035370999999999952e+01 1.219865300000000019e+01
1.219860300000000031e+01 3.034212600000000037e+01 1.219860199999999928e+01
1.219855500000000070e+01 3.031999700000000075e+01 1.219855300000000042e+01
1.219850800000000035e+01 3.028867599999999882e+01 1.219850600000000007e+01
1.234739599999999982e+01 3.024401599999999846e+01 1.219851099999999988e+01
1.231070000000000064e+01 3.019883199999999945e+01 1.219852500000000006e+01
1.230369600000000041e+01 3.015327500000000072e+01 1.219853799999999922e+01
1.233282200000000017e+01 3.011090899999999948e+01 1.219855199999999940e+01
1.236969400000000086e+01 3.007696800000000081e+01 1.219853400000000043e+01
1.236922700000000042e+01 3.003031000000000006e+01 1.219854699999999958e+01
1.234420500000000054e+01 2.998380099999999970e+01 1.219856099999999977e+01
1.230471600000000088e+01 2.993283999999999878e+01 1.219857400000000069e+01
1.228706299999999985e+01 2.987990299999999877e+01 1.219858800000000087e+01
1.230747700000000044e+01 2.983179499999999962e+01 1.219860100000000003e+01
1.239330499999999979e+01 2.979528399999999877e+01 1.219861500000000021e+01
1.219857999999999976e+01 2.976376199999999983e+01 1.219857799999999948e+01
1.240040800000000054e+01 2.972752699999999848e+01 1.219856799999999986e+01
1.236126699999999978e+01 2.967798099999999906e+01 1.219858100000000078e+01
1.233437200000000011e+01 2.962268200000000107e+01 1.219859499999999919e+01
1.220168199999999992e+01 2.957805899999999966e+01 1.219860000000000078e+01
1.219854999999999912e+01 2.956069199999999952e+01 1.219854899999999986e+01
1.219850300000000054e+01 2.954910699999999935e+01 1.219850100000000026e+01
1.219845600000000019e+01 2.953348599999999990e+01 1.219845399999999991e+01
1.238255499999999998e+01 2.949360100000000173e+01 1.219845800000000047e+01
1.228378299999999967e+01 2.944288699999999892e+01 1.219847099999999962e+01
1.228271499999999961e+01 2.939054799999999901e+01 1.219848499999999980e+01
1.231556199999999990e+01 2.934179100000000062e+01 1.219849800000000073e+01
1.235211999999999932e+01 2.929466100000000139e+01 1.219851199999999913e+01
1.235877699999999990e+01 2.925196400000000096e+01 1.219852500000000006e+01
1.220062500000000050e+01 2.921766799999999975e+01 1.219852900000000062e+01
1.219847599999999943e+01 2.918696200000000118e+01 1.219847399999999915e+01
1.219841800000000021e+01 2.915551299999999912e+01 1.219841599999999993e+01
1.230741000000000085e+01 2.912013999999999925e+01 1.219842599999999955e+01
1.234685999999999950e+01 2.908305400000000063e+01 1.219843900000000048e+01
1.236236800000000002e+01 2.903782999999999959e+01 1.219845300000000066e+01
1.234165300000000087e+01 2.898372900000000030e+01 1.219846599999999981e+01
1.230193099999999973e+01 2.894413799999999881e+01 1.219847999999999999e+01
1.219871999999999979e+01 2.890795599999999865e+01 1.219847900000000074e+01
1.229544600000000010e+01 2.886493899999999968e+01 1.219848900000000036e+01
1.239100799999999936e+01 2.882668299999999917e+01 1.219850300000000054e+01
1.241764700000000055e+01 2.878651599999999888e+01 1.219851599999999969e+01
1.240723000000000020e+01 2.873748099999999894e+01 1.219852999999999987e+01
1.236933800000000083e+01 2.868458199999999891e+01 1.219854300000000080e+01
1.219929999999999914e+01 2.864206000000000074e+01 1.219854499999999931e+01
1.219849100000000064e+01 2.862503099999999989e+01 1.219848900000000036e+01
1.219843700000000020e+01 2.861344599999999971e+01 1.219843499999999992e+01
1.219838599999999929e+01 2.859624200000000016e+01 1.219838400000000078e+01
1.238677000000000028e+01 2.855240399999999923e+01 1.219839600000000068e+01
1.235372699999999924e+01 2.849683800000000033e+01 1.219840899999999984e+01
1.234974700000000070e+01 2.844567500000000138e+01 1.219842300000000002e+01
1.234343900000000005e+01 2.840392599999999845e+01 1.219843599999999917e+01
1.237303799999999931e+01 2.836003200000000035e+01 1.219844999999999935e+01
1.240872899999999923e+01 2.832093300000000013e+01 1.219845600000000019e+01
1.219862499999999983e+01 2.828397800000000117e+01 1.219845499999999916e+01
1.219840800000000058e+01 2.825844000000000023e+01 1.219840699999999956e+01
1.219835699999999967e+01 2.824044699999999963e+01 1.219835499999999939e+01
1.219830299999999923e+01 2.822885199999999983e+01 1.219830100000000073e+01
1.219824900000000056e+01 2.821726699999999965e+01 1.219824799999999954e+01
1.219819799999999965e+01 2.820568300000000050e+01 1.219819700000000040e+01
1.219814799999999977e+01 2.819409900000000135e+01 1.219814599999999949e+01
1.219809799999999989e+01 2.818251400000000118e+01 1.219809599999999961e+01
1.219804500000000047e+01 2.816591000000000022e+01 1.219804300000000019e+01
1.230021299999999940e+01 2.812857899999999844e+01 1.219804099999999991e+01
1.231096900000000005e+01 2.808308200000000099e+01 1.219805400000000084e+01
1.222212099999999957e+01 2.804239400000000160e+01 1.219806299999999943e+01
1.219801499999999983e+01 2.801728699999999961e+01 1.219801400000000058e+01
1.219796700000000023e+01 2.799895499999999871e+01 1.219796499999999995e+01
1.219791700000000034e+01 2.798502099999999970e+01 1.219791500000000006e+01
1.219786299999999990e+01 2.795892399999999967e+01 1.219786099999999962e+01
1.219780699999999918e+01 2.792986099999999894e+01 1.219780500000000067e+01
1.219775199999999948e+01 2.790687300000000093e+01 1.219774999999999920e+01
1.219769999999999932e+01 2.789523399999999853e+01 1.219769900000000007e+01
1.219765100000000047e+01 2.788364999999999938e+01 1.219764900000000019e+01
1.219759999999999955e+01 2.786809399999999926e+01 1.219759799999999927e+01
1.227968899999999941e+01 2.782752400000000037e+01 1.219760100000000058e+01
1.226824000000000048e+01 2.777552899999999880e+01 1.219761500000000076e+01
1.229407100000000064e+01 2.772898199999999846e+01 1.219762799999999991e+01
1.219758400000000087e+01 2.770149699999999982e+01 1.219758299999999984e+01
1.219753099999999968e+01 2.768228500000000025e+01 1.219753000000000043e+01
1.239345900000000000e+01 2.765731099999999998e+01 1.219748700000000063e+01
1.237058500000000016e+01 2.761465099999999850e+01 1.219750100000000081e+01
1.234896299999999947e+01 2.756433600000000084e+01 1.219751399999999997e+01
1.236533000000000015e+01 2.751180499999999896e+01 1.219752800000000015e+01
1.240463800000000028e+01 2.745953700000000097e+01 1.219754099999999930e+01
1.237364400000000053e+01 2.740744400000000169e+01 1.219755499999999948e+01
1.236254600000000003e+01 2.736041700000000176e+01 1.219756800000000041e+01
1.232444800000000029e+01 2.732408399999999915e+01 1.219758200000000059e+01
1.219754299999999958e+01 2.729233899999999835e+01 1.219754099999999930e+01
1.229992700000000028e+01 2.725976700000000008e+01 1.219750200000000007e+01
1.235849999999999937e+01 2.722244399999999942e+01 1.219751600000000025e+01
1.239193900000000070e+01 2.718304499999999990e+01 1.219752899999999940e+01
1.239194700000000005e+01 2.714624200000000087e+01 1.219754299999999958e+01
1.219749599999999923e+01 2.711633300000000091e+01 1.219749400000000072e+01
1.219744200000000056e+01 2.708939900000000023e+01 1.219744000000000028e+01
1.219738599999999984e+01 2.706380899999999912e+01 1.219738399999999956e+01
1.219733100000000015e+01 2.703915299999999888e+01 1.219732899999999987e+01
1.219727800000000073e+01 2.701487099999999941e+01 1.219727699999999970e+01
1.238239599999999996e+01 2.698254899999999878e+01 1.219725299999999990e+01
1.235629999999999917e+01 2.693282400000000010e+01 1.219726600000000083e+01
1.227969700000000053e+01 2.687563099999999849e+01 1.219727999999999923e+01
1.226331200000000088e+01 2.682165000000000177e+01 1.219729300000000016e+01
1.228492100000000065e+01 2.677939200000000142e+01 1.219730700000000034e+01
1.232465200000000038e+01 2.674222500000000124e+01 1.219731999999999950e+01
1.219729099999999988e+01 2.671308199999999999e+01 1.219729000000000063e+01
1.219723800000000047e+01 2.669914299999999940e+01 1.219723600000000019e+01
1.219718199999999975e+01 2.668755900000000025e+01 1.219717999999999947e+01
1.226142399999999988e+01 2.666647400000000090e+01 1.219713299999999911e+01
1.227326200000000078e+01 2.661494000000000071e+01 1.219714699999999930e+01
1.231145800000000001e+01 2.656661300000000026e+01 1.219716000000000022e+01
1.236592899999999950e+01 2.652815599999999918e+01 1.219716900000000059e+01
1.219713199999999986e+01 2.650148300000000035e+01 1.219713100000000061e+01
1.219707900000000045e+01 2.648871000000000109e+01 1.219707700000000017e+01
1.219702299999999973e+01 2.647349200000000025e+01 1.219702099999999945e+01
1.229081099999999971e+01 2.644041400000000053e+01 1.219699499999999937e+01
1.233304599999999951e+01 2.640067399999999864e+01 1.219700899999999955e+01
1.219701200000000085e+01 2.636531499999999895e+01 1.219700100000000020e+01
1.219695199999999957e+01 2.634363799999999856e+01 1.219695100000000032e+01
1.219689999999999941e+01 2.633068400000000153e+01 1.219689900000000016e+01
1.219684600000000074e+01 2.631909900000000135e+01 1.219684400000000046e+01
1.219679299999999955e+01 2.630256699999999981e+01 1.219679099999999927e+01
1.219674099999999939e+01 2.627846500000000063e+01 1.219673900000000089e+01
1.219669200000000053e+01 2.624967399999999884e+01 1.219669099999999951e+01
1.243202900000000000e+01 2.621239900000000134e+01 1.219670400000000043e+01
1.241012699999999924e+01 2.617150399999999877e+01 1.219671699999999959e+01
1.236763700000000021e+01 2.612575700000000012e+01 1.219673099999999977e+01
1.234660900000000083e+01 2.607201500000000038e+01 1.219674400000000070e+01
1.236361400000000010e+01 2.601487200000000044e+01 1.219675800000000088e+01
1.240301799999999943e+01 2.596397599999999883e+01 1.219677100000000003e+01
1.219713600000000042e+01 2.592862500000000026e+01 1.219677199999999928e+01
1.219671999999999912e+01 2.589997200000000177e+01 1.219671800000000061e+01
1.219666400000000017e+01 2.587013599999999869e+01 1.219666199999999989e+01
1.225327500000000036e+01 2.583341599999999971e+01 1.219667500000000082e+01
1.225956900000000083e+01 2.579368600000000100e+01 1.219668799999999997e+01
1.229598099999999938e+01 2.575585399999999936e+01 1.219670200000000015e+01
1.219667399999999979e+01 2.572403299999999859e+01 1.219667300000000054e+01
1.219662600000000019e+01 2.569481499999999841e+01 1.219662499999999916e+01
1.219657699999999956e+01 2.566527400000000014e+01 1.219657499999999928e+01
1.219652400000000014e+01 2.563334700000000055e+01 1.219652199999999986e+01
1.219646900000000045e+01 2.560037399999999863e+01 1.219646700000000017e+01
1.219641700000000029e+01 2.557353700000000174e+01 1.219641500000000001e+01
1.219636799999999965e+01 2.556108800000000159e+01 1.219636599999999937e+01
1.219632099999999930e+01 2.554950300000000141e+01 1.219631900000000080e+01
1.219627299999999970e+01 2.553791899999999870e+01 1.219627099999999942e+01
1.219622200000000056e+01 2.551970700000000036e+01 1.219622099999999953e+01
1.219617000000000040e+01 2.549267599999999945e+01 1.219616800000000012e+01
1.236636599999999930e+01 2.545508799999999994e+01 1.219615600000000022e+01
1.240608800000000045e+01 2.539818999999999960e+01 1.219617000000000040e+01
1.242681699999999978e+01 2.535338099999999883e+01 1.219618299999999955e+01
1.240949299999999944e+01 2.531495900000000177e+01 1.219619100000000067e+01
1.219616000000000078e+01 2.528496600000000072e+01 1.219615800000000050e+01
1.219610199999999978e+01 2.526648700000000147e+01 1.219609999999999950e+01
1.219604299999999952e+01 2.525484499999999954e+01 1.219604099999999924e+01
1.219598700000000058e+01 2.524325999999999937e+01 1.219598500000000030e+01
1.219593399999999939e+01 2.523167600000000022e+01 1.219593200000000088e+01
1.238048900000000074e+01 2.521310100000000176e+01 1.219588800000000006e+01
1.236255200000000087e+01 2.516327000000000069e+01 1.219590200000000024e+01
1.232969600000000021e+01 2.511361600000000038e+01 1.219591499999999940e+01
1.233074300000000001e+01 2.507496000000000080e+01 1.219592899999999958e+01
1.236472999999999978e+01 2.503791800000000123e+01 1.219594200000000050e+01
1.241677999999999926e+01 2.500163500000000028e+01 1.219595600000000069e+01
1.242135000000000034e+01 2.496681699999999893e+01 1.219596899999999984e+01
1.219594299999999976e+01 2.493462800000000001e+01 1.219594099999999948e+01
1.219589200000000062e+01 2.490355999999999881e+01 1.219589000000000034e+01
1.219614600000000060e+01 2.486772799999999961e+01 1.219587699999999941e+01
1.219582600000000028e+01 2.485155800000000070e+01 1.219582400000000000e+01
1.219577499999999937e+01 2.483997300000000052e+01 1.219577400000000011e+01
1.239931400000000039e+01 2.482109900000000025e+01 1.219573199999999957e+01
1.239151099999999950e+01 2.477130500000000168e+01 1.219574500000000050e+01
1.235179800000000050e+01 2.472081400000000073e+01 1.219575900000000068e+01
1.226754099999999958e+01 2.468271000000000015e+01 1.219576299999999947e+01
1.219574800000000003e+01 2.464860200000000034e+01 1.219574599999999975e+01
1.219569199999999931e+01 2.462440300000000093e+01 1.219569000000000081e+01
1.219563800000000064e+01 2.460826600000000042e+01 1.219563600000000037e+01
1.219558499999999945e+01 2.459667999999999921e+01 1.219558299999999917e+01
1.219553299999999929e+01 2.458509600000000006e+01 1.219553200000000004e+01
1.219547900000000062e+01 2.457351099999999988e+01 1.219547700000000034e+01
1.219542399999999915e+01 2.456192700000000073e+01 1.219542200000000065e+01
1.219537000000000049e+01 2.455034300000000158e+01 1.219536899999999946e+01
1.219532000000000060e+01 2.453280499999999975e+01 1.219531800000000032e+01
1.233910499999999999e+01 2.449928900000000098e+01 1.219529799999999931e+01
1.230493399999999937e+01 2.446042500000000075e+01 1.219531100000000023e+01
1.226941000000000059e+01 2.441799100000000067e+01 1.219532500000000041e+01
1.226519099999999973e+01 2.437142300000000006e+01 1.219533799999999957e+01
1.229615599999999986e+01 2.432312399999999997e+01 1.219535199999999975e+01
1.238251400000000046e+01 2.427654499999999871e+01 1.219536500000000068e+01
1.239226900000000064e+01 2.423476099999999889e+01 1.219537900000000086e+01
1.236512800000000034e+01 2.419504799999999989e+01 1.219539200000000001e+01
1.232604700000000086e+01 2.415868599999999944e+01 1.219540600000000019e+01
1.219535600000000031e+01 2.412812600000000174e+01 1.219535499999999928e+01
1.219530400000000014e+01 2.410003700000000038e+01 1.219530199999999986e+01
1.241010400000000047e+01 2.406171499999999952e+01 1.219529099999999922e+01
1.243022999999999989e+01 2.401066600000000051e+01 1.219530499999999940e+01
1.241227699999999956e+01 2.396912400000000076e+01 1.219531800000000032e+01
1.237237299999999962e+01 2.393010599999999855e+01 1.219532500000000041e+01
1.219531699999999930e+01 2.389463100000000040e+01 1.219531300000000051e+01
1.219525600000000054e+01 2.387060299999999913e+01 1.219525400000000026e+01
1.219519900000000057e+01 2.384678500000000057e+01 1.219519700000000029e+01
1.219514500000000012e+01 2.381587599999999938e+01 1.219514299999999984e+01
1.233952999999999989e+01 2.378182800000000086e+01 1.219512899999999966e+01
1.219510499999999986e+01 2.375109199999999987e+01 1.219510299999999958e+01
1.219505200000000045e+01 2.372946699999999964e+01 1.219505000000000017e+01
1.219499800000000000e+01 2.371177700000000144e+01 1.219499599999999973e+01
1.219494500000000059e+01 2.368939100000000053e+01 1.219494300000000031e+01
1.240513800000000089e+01 2.365442099999999925e+01 1.219493399999999994e+01
1.236598200000000070e+01 2.361402000000000001e+01 1.219494800000000012e+01
1.219493199999999966e+01 2.358111999999999853e+01 1.219492999999999938e+01
1.219487699999999997e+01 2.356776699999999991e+01 1.219487499999999969e+01
1.219481900000000074e+01 2.355618199999999973e+01 1.219481700000000046e+01
1.219476200000000077e+01 2.354257000000000133e+01 1.219476000000000049e+01
1.238429900000000039e+01 2.350810299999999842e+01 1.219474499999999928e+01
1.239906500000000023e+01 2.346413000000000082e+01 1.219475899999999946e+01
1.219482400000000055e+01 2.342617399999999961e+01 1.219475599999999993e+01
1.219470500000000079e+01 2.340834600000000165e+01 1.219470300000000051e+01
1.219464999999999932e+01 2.339675899999999942e+01 1.219464800000000082e+01
1.219459600000000066e+01 2.338351499999999916e+01 1.219459400000000038e+01
1.237016700000000036e+01 2.335327300000000150e+01 1.219454799999999928e+01
1.240520599999999973e+01 2.331645200000000173e+01 1.219456199999999946e+01
1.219454600000000077e+01 2.328452300000000008e+01 1.219454400000000049e+01
1.219449499999999986e+01 2.326873099999999894e+01 1.219449299999999958e+01
1.219443700000000064e+01 2.325714599999999876e+01 1.219443500000000036e+01
1.219437699999999936e+01 2.324556199999999961e+01 1.219437500000000085e+01
1.219431999999999938e+01 2.323397800000000046e+01 1.219431800000000088e+01
1.219426499999999969e+01 2.322239300000000028e+01 1.219426299999999941e+01
1.219421200000000027e+01 2.321080900000000113e+01 1.219420999999999999e+01
1.219415599999999955e+01 2.319922400000000096e+01 1.219415399999999927e+01
1.219409699999999930e+01 2.318763999999999825e+01 1.219409500000000079e+01
1.219403699999999979e+01 2.317605599999999910e+01 1.219403499999999951e+01
1.219397799999999954e+01 2.316447099999999892e+01 1.219397599999999926e+01
1.219392099999999957e+01 2.315288699999999977e+01 1.219391899999999929e+01
1.219386899999999940e+01 2.313575900000000019e+01 1.219386699999999912e+01
1.232960500000000081e+01 2.309738899999999973e+01 1.219386899999999940e+01
1.229065699999999950e+01 2.305063499999999976e+01 1.219388299999999958e+01
1.227622000000000035e+01 2.299864300000000128e+01 1.219389600000000051e+01
1.229956800000000072e+01 2.294093399999999860e+01 1.219391000000000069e+01
1.239336699999999958e+01 2.288084200000000124e+01 1.219392299999999985e+01
1.241288699999999956e+01 2.283266700000000071e+01 1.219393700000000003e+01
1.239431000000000083e+01 2.278267500000000112e+01 1.219394999999999918e+01
1.235471899999999934e+01 2.272836099999999959e+01 1.219396399999999936e+01
1.233051400000000086e+01 2.267643100000000089e+01 1.219397700000000029e+01
1.234610499999999966e+01 2.263240499999999855e+01 1.219399100000000047e+01
1.238482800000000061e+01 2.259180399999999977e+01 1.219400399999999962e+01
1.241323700000000052e+01 2.255370699999999928e+01 1.219401399999999924e+01
1.219397099999999945e+01 2.253287600000000168e+01 1.219396899999999917e+01
1.219392099999999957e+01 2.252128400000000141e+01 1.219391899999999929e+01
1.219386500000000062e+01 2.250969999999999871e+01 1.219386300000000034e+01
1.219380699999999962e+01 2.249811599999999956e+01 1.219380499999999934e+01
1.219375100000000067e+01 2.248653099999999938e+01 1.219374900000000039e+01
1.219369799999999948e+01 2.247365399999999980e+01 1.219369599999999920e+01
1.219364700000000035e+01 2.244434700000000049e+01 1.219364500000000007e+01
1.238965999999999923e+01 2.240871299999999877e+01 1.219365299999999941e+01
1.219362899999999961e+01 2.237934500000000071e+01 1.219362699999999933e+01
1.219357600000000019e+01 2.236692100000000138e+01 1.219357399999999991e+01
1.219352300000000078e+01 2.235533699999999868e+01 1.219352199999999975e+01
1.219347400000000015e+01 2.234375199999999850e+01 1.219347199999999987e+01
1.219342400000000026e+01 2.232319700000000040e+01 1.219342299999999923e+01
1.219337400000000038e+01 2.229357299999999853e+01 1.219337200000000010e+01
1.219331999999999994e+01 2.226377600000000001e+01 1.219331799999999966e+01
1.219326399999999921e+01 2.223769599999999969e+01 1.219326200000000071e+01
1.219302599999999970e+01 2.221326200000000028e+01 1.219301600000000008e+01
1.234229999999999983e+01 2.218237299999999834e+01 1.219284599999999941e+01
1.236623100000000086e+01 2.213663400000000081e+01 1.219291699999999956e+01
1.235246500000000047e+01 2.208451099999999911e+01 1.219298799999999972e+01
1.231366500000000030e+01 2.202830600000000061e+01 1.219305699999999959e+01
1.228550300000000028e+01 2.196754599999999868e+01 1.219312599999999946e+01
1.233172800000000002e+01 2.190488600000000119e+01 1.219319499999999934e+01
1.236893500000000046e+01 2.185904100000000128e+01 1.219325399999999959e+01
1.240076999999999963e+01 2.181755400000000122e+01 1.219326799999999977e+01
1.239796699999999952e+01 2.177463499999999996e+01 1.219328100000000070e+01
1.236310300000000062e+01 2.173604299999999867e+01 1.219329500000000088e+01
1.233408099999999941e+01 2.169512399999999985e+01 1.219328800000000079e+01
1.233126299999999986e+01 2.165350600000000014e+01 1.219330199999999920e+01
1.236308999999999969e+01 2.161492900000000006e+01 1.219331500000000013e+01
1.240029900000000040e+01 2.157791299999999879e+01 1.219332900000000031e+01
1.240868200000000066e+01 2.154150299999999874e+01 1.219334199999999946e+01
1.233537500000000087e+01 2.149436400000000091e+01 1.219335599999999964e+01
1.229656899999999986e+01 2.144979999999999976e+01 1.219336900000000057e+01
1.228279000000000032e+01 2.139888600000000096e+01 1.219338300000000075e+01
1.230670300000000061e+01 2.134376800000000074e+01 1.219339599999999990e+01
1.234632299999999994e+01 2.128409600000000168e+01 1.219341000000000008e+01
1.238268300000000011e+01 2.122252699999999948e+01 1.219342299999999923e+01
1.236348800000000026e+01 2.117004199999999869e+01 1.219343699999999941e+01
1.232384300000000010e+01 2.113174499999999867e+01 1.219343699999999941e+01
1.230020099999999950e+01 2.109197199999999839e+01 1.219345099999999960e+01
1.231429499999999955e+01 2.105373600000000067e+01 1.219346400000000052e+01
1.233767600000000009e+01 2.100882400000000061e+01 1.219347800000000070e+01
1.236558800000000069e+01 2.096092000000000155e+01 1.219349099999999986e+01
1.219599999999999973e+01 2.092045299999999841e+01 1.219349599999999967e+01
1.219344399999999951e+01 2.089780800000000127e+01 1.219344199999999923e+01
1.219338699999999953e+01 2.088538600000000045e+01 1.219338499999999925e+01
1.219332799999999928e+01 2.086846399999999946e+01 1.219332600000000078e+01
1.230987999999999971e+01 2.083337399999999917e+01 1.219331400000000087e+01
1.234458200000000083e+01 2.079165700000000072e+01 1.219332799999999928e+01
1.234704900000000016e+01 2.074195200000000128e+01 1.219334100000000021e+01
1.231501300000000043e+01 2.068838399999999922e+01 1.219335500000000039e+01
1.226153900000000085e+01 2.064915299999999831e+01 1.219336799999999954e+01
1.225343200000000010e+01 2.061142600000000158e+01 1.219337100000000085e+01
1.221269099999999952e+01 2.057347100000000140e+01 1.219338100000000047e+01
1.219332600000000078e+01 2.054464499999999916e+01 1.219332400000000050e+01
1.233402300000000018e+01 2.051369400000000098e+01 1.219328800000000079e+01
1.234515400000000085e+01 2.047219799999999879e+01 1.219330199999999920e+01
1.230556400000000039e+01 2.042610099999999917e+01 1.219331500000000013e+01
1.228697400000000073e+01 2.037903299999999973e+01 1.219332900000000031e+01
1.230647699999999922e+01 2.033289100000000005e+01 1.219334199999999946e+01
1.234614200000000039e+01 2.028718299999999886e+01 1.219335599999999964e+01
1.234156300000000073e+01 2.024666900000000069e+01 1.219336900000000057e+01
1.219332700000000003e+01 2.021695300000000017e+01 1.219332499999999975e+01
1.219327099999999930e+01 2.019186600000000098e+01 1.219326900000000080e+01
1.219304699999999997e+01 2.016783799999999971e+01 1.219303700000000035e+01
1.219273199999999946e+01 2.014305699999999888e+01 1.219272100000000059e+01
1.219243499999999969e+01 2.011791300000000149e+01 1.219242599999999932e+01
1.239131700000000080e+01 2.007693199999999933e+01 1.219238000000000000e+01
1.238781299999999952e+01 2.002857900000000058e+01 1.219245500000000071e+01
1.235261700000000040e+01 1.997072299999999956e+01 1.219253100000000067e+01
1.231808799999999948e+01 1.992197600000000079e+01 1.219260500000000036e+01
1.219262499999999960e+01 1.988594499999999954e+01 1.219255899999999926e+01
1.219228299999999976e+01 1.986616300000000024e+01 1.219227300000000014e+01
1.219200400000000073e+01 1.985454299999999961e+01 1.219199500000000036e+01
1.219172799999999945e+01 1.983481400000000150e+01 1.219171799999999983e+01
1.219143500000000024e+01 1.980948300000000017e+01 1.219142500000000062e+01
1.219106299999999976e+01 1.978981200000000129e+01 1.219105000000000061e+01
1.219065100000000079e+01 1.977821799999999897e+01 1.219063700000000061e+01
1.219022400000000061e+01 1.976663299999999879e+01 1.219021000000000043e+01
1.218979900000000072e+01 1.975497999999999976e+01 1.218978500000000054e+01
1.218937500000000007e+01 1.972709499999999849e+01 1.218936099999999989e+01
1.235670000000000002e+01 1.969081800000000015e+01 1.218943800000000088e+01
1.231701900000000016e+01 1.964787099999999853e+01 1.218954300000000046e+01
1.229394399999999976e+01 1.959583800000000053e+01 1.218964700000000079e+01
1.230869500000000016e+01 1.953997299999999981e+01 1.218975000000000009e+01
1.234770800000000079e+01 1.948974199999999968e+01 1.218985200000000013e+01
1.219246399999999930e+01 1.945403100000000052e+01 1.218988500000000030e+01
1.218948900000000002e+01 1.942457999999999885e+01 1.218947499999999984e+01
1.229205400000000026e+01 1.939078900000000161e+01 1.218929499999999955e+01
1.226086199999999948e+01 1.934365700000000032e+01 1.218940199999999940e+01
1.226471599999999995e+01 1.929075100000000020e+01 1.218950700000000076e+01
1.239053299999999957e+01 1.924386000000000152e+01 1.218961200000000034e+01
1.218939300000000081e+01 1.921356899999999968e+01 1.218938099999999913e+01
1.218902300000000061e+01 1.919044699999999892e+01 1.218901100000000071e+01
1.239421100000000031e+01 1.915477800000000030e+01 1.218888399999999983e+01
1.235738399999999970e+01 1.910775299999999888e+01 1.218899399999999922e+01
1.232141700000000029e+01 1.906112600000000157e+01 1.218910400000000038e+01
1.235030099999999997e+01 1.901734000000000080e+01 1.218921199999999949e+01
1.218906999999999918e+01 1.898471500000000134e+01 1.218905700000000003e+01
1.240164900000000081e+01 1.893836399999999998e+01 1.218915600000000055e+01
1.237690199999999940e+01 1.888725000000000165e+01 1.218926399999999965e+01
1.230627499999999941e+01 1.883562200000000075e+01 1.218937099999999951e+01
1.228830699999999965e+01 1.879608800000000102e+01 1.218947600000000087e+01
1.230841999999999992e+01 1.874925999999999959e+01 1.218958100000000044e+01
1.234811999999999976e+01 1.868883100000000042e+01 1.218968500000000077e+01
1.237090700000000076e+01 1.864732199999999906e+01 1.218978700000000082e+01
1.219042299999999912e+01 1.861115200000000058e+01 1.218979599999999941e+01
1.228109700000000082e+01 1.856937599999999833e+01 1.218984400000000079e+01
1.225394499999999987e+01 1.853102600000000066e+01 1.218994499999999981e+01
1.226368300000000033e+01 1.849121399999999937e+01 1.219004499999999958e+01
1.230135699999999943e+01 1.844389200000000173e+01 1.219014400000000009e+01
1.238260200000000033e+01 1.839329199999999886e+01 1.219024199999999958e+01
1.237840100000000021e+01 1.834625399999999829e+01 1.219033899999999981e+01
1.234288399999999974e+01 1.830895500000000098e+01 1.219043500000000080e+01
1.219057800000000036e+01 1.827586000000000155e+01 1.219041999999999959e+01
1.230729499999999987e+01 1.823705899999999858e+01 1.219029500000000077e+01
1.230007100000000086e+01 1.819690299999999894e+01 1.219039099999999998e+01
1.233676200000000023e+01 1.816103100000000126e+01 1.219048699999999918e+01
1.219027299999999947e+01 1.813141099999999994e+01 1.219026000000000032e+01
1.218987500000000068e+01 1.811290100000000081e+01 1.218986100000000050e+01
1.218943699999999986e+01 1.810127299999999906e+01 1.218942200000000042e+01
1.218900999999999968e+01 1.808947600000000122e+01 1.218899500000000025e+01
1.218857700000000044e+01 1.806467299999999909e+01 1.218856199999999923e+01
1.218815200000000054e+01 1.803596100000000035e+01 1.218813800000000036e+01
1.242825999999999986e+01 1.799417599999999950e+01 1.218810099999999963e+01
1.240784500000000001e+01 1.794798000000000116e+01 1.218821999999999939e+01
1.230621000000000009e+01 1.790269999999999939e+01 1.218833700000000064e+01
1.228370699999999971e+01 1.785638900000000007e+01 1.218845300000000087e+01
1.229910800000000037e+01 1.781200099999999864e+01 1.218856800000000007e+01
1.233824899999999936e+01 1.776849100000000092e+01 1.218868200000000002e+01
1.236513300000000015e+01 1.772884300000000124e+01 1.218875599999999970e+01
1.218853900000000046e+01 1.769972800000000035e+01 1.218852599999999953e+01
1.218812299999999915e+01 1.768564900000000151e+01 1.218810799999999972e+01
1.218766399999999983e+01 1.767195699999999903e+01 1.218764799999999937e+01
1.218717599999999912e+01 1.764276100000000014e+01 1.218716000000000044e+01
1.239506699999999917e+01 1.760831400000000002e+01 1.218708999999999953e+01
1.218679900000000060e+01 1.758012199999999936e+01 1.218678099999999986e+01
1.218626700000000085e+01 1.756800000000000139e+01 1.218624900000000011e+01
1.218569800000000036e+01 1.755641599999999869e+01 1.218567900000000037e+01
1.218507299999999915e+01 1.754163700000000148e+01 1.218505099999999963e+01
1.226269699999999929e+01 1.750351399999999913e+01 1.218500599999999956e+01
1.233015299999999925e+01 1.745475899999999925e+01 1.218515599999999921e+01
1.236854300000000073e+01 1.739971099999999993e+01 1.218530299999999933e+01
1.238066000000000066e+01 1.735899200000000064e+01 1.218544999999999945e+01
1.235536699999999932e+01 1.731558000000000064e+01 1.218559400000000004e+01
1.231484099999999948e+01 1.727647999999999939e+01 1.218565800000000010e+01
1.218564899999999973e+01 1.724002399999999824e+01 1.218559800000000060e+01
1.218502800000000086e+01 1.721508100000000141e+01 1.218500900000000087e+01
1.218444599999999944e+01 1.719922400000000096e+01 1.218442699999999945e+01
1.218387300000000018e+01 1.718763900000000078e+01 1.218385400000000018e+01
1.218328299999999942e+01 1.717605500000000163e+01 1.218326300000000018e+01
1.218257000000000012e+01 1.716251300000000057e+01 1.218254499999999929e+01
1.224619999999999997e+01 1.712776600000000116e+01 1.218233000000000033e+01
1.225661799999999957e+01 1.708312000000000097e+01 1.218250300000000053e+01
1.229451000000000072e+01 1.703459900000000005e+01 1.218267699999999998e+01
1.232503900000000030e+01 1.698138499999999951e+01 1.218284899999999915e+01
1.240624599999999944e+01 1.692072500000000090e+01 1.218302000000000085e+01
1.237042499999999912e+01 1.686564600000000169e+01 1.218318900000000049e+01
1.233661400000000086e+01 1.682732700000000037e+01 1.218335599999999985e+01
1.218285400000000074e+01 1.679626000000000019e+01 1.218283100000000019e+01
1.236894700000000036e+01 1.675041900000000084e+01 1.218297300000000050e+01
1.232047400000000081e+01 1.670701999999999998e+01 1.218314200000000014e+01
1.232677699999999987e+01 1.666542000000000101e+01 1.218331000000000053e+01
1.229717699999999958e+01 1.662456099999999992e+01 1.218347600000000064e+01
1.225888199999999983e+01 1.658411299999999855e+01 1.218364000000000047e+01
1.224709999999999965e+01 1.654382499999999823e+01 1.218380100000000077e+01
1.229590800000000073e+01 1.649995200000000040e+01 1.218396199999999929e+01
1.233531600000000061e+01 1.644832399999999950e+01 1.218412200000000034e+01
1.235233400000000081e+01 1.639336799999999883e+01 1.218427999999999933e+01
1.233131900000000059e+01 1.634214199999999906e+01 1.218443599999999982e+01
1.229159100000000038e+01 1.629837500000000006e+01 1.218459099999999928e+01
1.231903699999999979e+01 1.625130000000000052e+01 1.218474499999999949e+01
1.233508699999999969e+01 1.620475800000000177e+01 1.218489600000000017e+01
1.237434200000000040e+01 1.616151100000000085e+01 1.218504700000000085e+01
1.240071499999999993e+01 1.611970600000000076e+01 1.218519500000000022e+01
1.237386300000000006e+01 1.608284899999999951e+01 1.218521999999999927e+01
1.229140800000000056e+01 1.604138000000000019e+01 1.218536699999999939e+01
1.218527199999999944e+01 1.600800699999999921e+01 1.218524700000000038e+01
1.218459999999999965e+01 1.597666700000000084e+01 1.218457800000000013e+01
1.218392300000000006e+01 1.594405000000000072e+01 1.218390100000000054e+01
1.218325500000000083e+01 1.591081400000000023e+01 1.218323299999999954e+01
1.231597900000000045e+01 1.587611399999999939e+01 1.218312899999999921e+01
1.228274000000000044e+01 1.583869199999999999e+01 1.218329699999999960e+01
1.224646399999999957e+01 1.580010799999999982e+01 1.218346299999999971e+01
1.218323700000000009e+01 1.576703400000000066e+01 1.218321100000000001e+01
1.218246899999999933e+01 1.574647299999999994e+01 1.218244299999999924e+01
1.218172500000000014e+01 1.573441099999999970e+01 1.218170100000000033e+01
1.233798499999999976e+01 1.571256699999999995e+01 1.218109600000000015e+01
1.231421500000000080e+01 1.566608100000000015e+01 1.218128399999999978e+01
1.227485599999999977e+01 1.560992700000000077e+01 1.218146999999999913e+01
1.225815599999999961e+01 1.555557800000000057e+01 1.218165399999999998e+01
1.229350400000000043e+01 1.551138000000000083e+01 1.218183699999999980e+01
1.233323599999999942e+01 1.547161599999999915e+01 1.218201799999999935e+01
1.235485700000000087e+01 1.542596400000000045e+01 1.218219599999999936e+01
1.233848899999999915e+01 1.537045799999999929e+01 1.218237399999999937e+01
1.229918100000000081e+01 1.533120699999999914e+01 1.218254899999999985e+01
1.229159499999999916e+01 1.529456799999999994e+01 1.218256000000000050e+01
1.230577700000000085e+01 1.525336099999999995e+01 1.218273300000000070e+01
1.218262200000000028e+01 1.522012400000000021e+01 1.218259600000000020e+01
1.237394899999999964e+01 1.518000200000000000e+01 1.218252299999999977e+01
1.236834900000000026e+01 1.512553199999999975e+01 1.218269699999999922e+01
1.228814500000000010e+01 1.508562300000000000e+01 1.218286900000000017e+01
1.225470499999999952e+01 1.504689600000000027e+01 1.218298399999999937e+01
1.218232599999999977e+01 1.502488400000000013e+01 1.218229999999999968e+01
1.218153399999999920e+01 1.501328700000000005e+01 1.218150799999999911e+01
1.232353200000000015e+01 1.499256699999999931e+01 1.218089499999999958e+01
1.238046899999999972e+01 1.493928099999999937e+01 1.218108499999999950e+01
1.235040799999999983e+01 1.489849899999999927e+01 1.218127299999999913e+01
1.231230500000000028e+01 1.485924900000000015e+01 1.218140799999999935e+01
1.218078000000000038e+01 1.483634099999999911e+01 1.218075400000000030e+01
1.217997000000000085e+01 1.482473700000000072e+01 1.217994299999999974e+01
1.217920400000000036e+01 1.481315200000000054e+01 1.217917899999999953e+01
1.217845400000000033e+01 1.480156799999999961e+01 1.217842800000000025e+01
1.217767199999999939e+01 1.478998299999999944e+01 1.217764500000000005e+01
1.217681600000000053e+01 1.477839900000000029e+01 1.217678599999999989e+01
1.217587900000000012e+01 1.475368199999999952e+01 1.217584699999999920e+01
1.217484800000000078e+01 1.472246900000000025e+01 1.217481300000000033e+01
1.217381199999999986e+01 1.469689900000000016e+01 1.217377800000000043e+01
1.217279300000000042e+01 1.468513399999999969e+01 1.217275799999999997e+01
1.217174600000000062e+01 1.467354899999999951e+01 1.217170999999999914e+01
1.217061200000000021e+01 1.466116799999999998e+01 1.217057199999999995e+01
1.228941400000000073e+01 1.463022300000000087e+01 1.216979300000000030e+01
1.229537700000000022e+01 1.459053499999999914e+01 1.217009299999999961e+01
1.233164799999999950e+01 1.454725000000000001e+01 1.217039100000000040e+01
1.236489300000000036e+01 1.450188900000000025e+01 1.217068599999999989e+01
1.236454799999999921e+01 1.445570900000000059e+01 1.217097700000000060e+01
1.237406200000000034e+01 1.440504800000000074e+01 1.217126599999999925e+01
1.233808199999999999e+01 1.434535699999999991e+01 1.217155200000000015e+01
1.233281599999999933e+01 1.428867200000000004e+01 1.217183499999999974e+01
1.236310300000000062e+01 1.425097500000000039e+01 1.217190199999999933e+01
1.217284500000000058e+01 1.421464699999999937e+01 1.217194399999999987e+01
1.217095800000000061e+01 1.418661900000000031e+01 1.217092300000000016e+01
1.232466499999999954e+01 1.415722200000000086e+01 1.216991100000000081e+01
1.234016699999999922e+01 1.411948199999999964e+01 1.217021100000000011e+01
1.232410699999999970e+01 1.407809400000000011e+01 1.217050700000000063e+01
1.234601100000000073e+01 1.403628299999999918e+01 1.217080100000000087e+01
1.239429200000000009e+01 1.399594600000000000e+01 1.217109100000000055e+01
1.241531999999999947e+01 1.395627200000000023e+01 1.217137899999999995e+01
1.239831399999999917e+01 1.391437900000000027e+01 1.217166399999999982e+01
1.235890999999999984e+01 1.386731799999999915e+01 1.217194600000000015e+01
1.233333499999999994e+01 1.381803500000000007e+01 1.217222499999999918e+01
1.234404699999999977e+01 1.376832199999999951e+01 1.217250100000000046e+01
1.238233899999999998e+01 1.371913699999999992e+01 1.217277499999999968e+01
1.241194800000000065e+01 1.367019799999999918e+01 1.217304599999999937e+01
1.217437199999999997e+01 1.363011099999999942e+01 1.217309999999999981e+01
1.217212800000000072e+01 1.360913900000000076e+01 1.217209300000000027e+01
1.217097300000000004e+01 1.359748100000000015e+01 1.217093299999999978e+01
1.230483899999999942e+01 1.357360199999999928e+01 1.217010900000000007e+01
1.233868299999999962e+01 1.351933599999999913e+01 1.217040599999999984e+01
1.237451599999999985e+01 1.347888000000000019e+01 1.217070099999999933e+01
1.237582300000000046e+01 1.344105399999999939e+01 1.217080100000000087e+01
1.229280699999999982e+01 1.340185899999999997e+01 1.217109100000000055e+01
1.216993199999999931e+01 1.337232700000000030e+01 1.216988699999999923e+01
1.216854099999999939e+01 1.334932200000000080e+01 1.216849299999999978e+01
1.216710299999999911e+01 1.333613899999999930e+01 1.216705499999999951e+01
1.216567399999999921e+01 1.332455399999999912e+01 1.216562700000000063e+01
1.216440599999999961e+01 1.331296999999999997e+01 1.216436400000000084e+01
1.216310900000000039e+01 1.330138600000000082e+01 1.216306400000000032e+01
1.216168599999999955e+01 1.328980100000000064e+01 1.216163599999999967e+01
1.230489700000000042e+01 1.327034800000000025e+01 1.216020699999999977e+01
1.234625300000000081e+01 1.322471799999999931e+01 1.216060300000000005e+01
1.233358499999999935e+01 1.316829599999999978e+01 1.216099499999999978e+01
1.235888500000000079e+01 1.311519900000000050e+01 1.216138300000000072e+01
1.234678100000000001e+01 1.307623000000000069e+01 1.216176699999999933e+01
1.216137100000000082e+01 1.304341100000000075e+01 1.216131700000000038e+01
1.227902399999999972e+01 1.299908800000000042e+01 1.216126299999999993e+01
1.234824099999999980e+01 1.295345099999999938e+01 1.216164799999999957e+01
1.238479700000000072e+01 1.290029900000000040e+01 1.216202999999999967e+01
1.241765200000000036e+01 1.285324600000000039e+01 1.216240799999999922e+01
1.241660399999999953e+01 1.281375199999999914e+01 1.216249799999999937e+01
1.238261600000000051e+01 1.277752699999999919e+01 1.216287100000000088e+01
1.216156699999999979e+01 1.274602600000000052e+01 1.216151200000000010e+01
1.215988300000000066e+01 1.271571999999999925e+01 1.215982600000000069e+01
1.215816099999999977e+01 1.268581299999999956e+01 1.215810399999999980e+01
1.235501999999999967e+01 1.265307100000000062e+01 1.215712699999999913e+01
1.236511800000000072e+01 1.261402200000000029e+01 1.215755399999999931e+01
1.240401899999999991e+01 1.257226299999999952e+01 1.215797599999999967e+01
1.215762699999999974e+01 1.253808300000000031e+01 1.215757200000000005e+01
1.215595099999999995e+01 1.252296499999999924e+01 1.215589399999999998e+01
1.215422099999999972e+01 1.251138000000000083e+01 1.215416399999999975e+01
1.215252000000000088e+01 1.249979599999999991e+01 1.215246400000000015e+01
1.215076799999999935e+01 1.248691400000000051e+01 1.215070900000000087e+01
1.214894299999999916e+01 1.246306500000000028e+01 1.214888000000000012e+01
1.214695099999999961e+01 1.244416400000000067e+01 1.214688100000000048e+01
1.214476400000000034e+01 1.243257299999999965e+01 1.214468800000000037e+01
1.214246299999999934e+01 1.242098900000000050e+01 1.214238600000000012e+01
1.214023599999999981e+01 1.240541600000000066e+01 1.214016299999999937e+01
1.241935900000000004e+01 1.236461300000000030e+01 1.214035999999999937e+01
1.241236999999999924e+01 1.231224800000000030e+01 1.214095299999999966e+01
1.237568199999999941e+01 1.225964600000000004e+01 1.214154100000000014e+01
1.234302600000000005e+01 1.221406799999999926e+01 1.214212200000000053e+01
1.230305500000000052e+01 1.217159799999999947e+01 1.214269799999999933e+01
1.214201899999999945e+01 1.213852299999999929e+01 1.214194200000000023e+01
1.213973599999999919e+01 1.212431100000000050e+01 1.213966100000000026e+01
1.213744499999999960e+01 1.211272699999999958e+01 1.213736699999999935e+01
1.213501100000000044e+01 1.210114199999999940e+01 1.213492500000000085e+01
1.213241900000000051e+01 1.207727200000000067e+01 1.213232900000000036e+01
1.212963000000000058e+01 1.204589099999999924e+01 1.212953500000000062e+01
1.212676699999999919e+01 1.201480500000000085e+01 1.212667199999999923e+01
1.212395300000000020e+01 1.198826799999999970e+01 1.212386000000000053e+01
1.212117100000000036e+01 1.196373200000000026e+01 1.212107699999999966e+01
1.240380900000000075e+01 1.193030399999999958e+01 1.211994600000000055e+01
1.236411000000000016e+01 1.187659799999999954e+01 1.212074299999999916e+01
1.234398599999999924e+01 1.181792599999999993e+01 1.212153200000000020e+01
1.236193899999999957e+01 1.177989099999999922e+01 1.212231200000000086e+01
1.240146499999999996e+01 1.174150500000000008e+01 1.212308499999999967e+01
1.242047600000000074e+01 1.170293700000000037e+01 1.212385100000000016e+01
1.240770400000000073e+01 1.166650399999999976e+01 1.212460800000000027e+01
1.212284799999999940e+01 1.163474599999999981e+01 1.212275099999999917e+01
1.211979200000000034e+01 1.160499399999999959e+01 1.211968599999999974e+01
1.234758399999999945e+01 1.155993199999999987e+01 1.211993000000000009e+01
1.232668600000000048e+01 1.151303399999999932e+01 1.212072700000000047e+01
1.235913700000000048e+01 1.146713399999999972e+01 1.212151599999999974e+01
1.235738599999999998e+01 1.141993199999999931e+01 1.212229699999999966e+01
1.232303899999999963e+01 1.136930399999999963e+01 1.212307000000000023e+01
1.228767500000000013e+01 1.131719799999999942e+01 1.212383499999999970e+01
1.225646399999999936e+01 1.127300400000000025e+01 1.212459300000000084e+01
1.212154800000000066e+01 1.124665800000000004e+01 1.212143599999999921e+01
1.211822000000000088e+01 1.122798200000000080e+01 1.211810900000000046e+01
1.211488199999999971e+01 1.120922099999999944e+01 1.211476799999999976e+01
1.230722399999999972e+01 1.117528399999999955e+01 1.211362399999999973e+01
1.234762500000000074e+01 1.113614100000000029e+01 1.211448299999999989e+01
1.218072399999999966e+01 1.109918900000000086e+01 1.211516400000000004e+01
1.211186400000000063e+01 1.107030600000000042e+01 1.211175000000000068e+01
1.210850100000000040e+01 1.104492800000000052e+01 1.210839099999999924e+01
1.241541600000000045e+01 1.101403400000000055e+01 1.210644500000000079e+01
1.234711000000000070e+01 1.096908700000000003e+01 1.210737600000000036e+01
1.230754699999999957e+01 1.091808200000000006e+01 1.210829700000000031e+01
1.228306500000000057e+01 1.087046199999999985e+01 1.210920999999999914e+01
1.229616900000000079e+01 1.083401399999999981e+01 1.211011300000000013e+01
1.210746299999999920e+01 1.080240799999999979e+01 1.210734000000000066e+01
1.237325399999999931e+01 1.076152000000000086e+01 1.210694600000000065e+01
1.236557499999999976e+01 1.071255900000000061e+01 1.210787200000000041e+01
1.232862199999999930e+01 1.066993199999999931e+01 1.210878899999999980e+01
1.229637199999999986e+01 1.063050400000000018e+01 1.210969599999999957e+01
1.229847400000000057e+01 1.059034399999999998e+01 1.210913099999999964e+01
1.231560099999999913e+01 1.054829400000000028e+01 1.211003499999999988e+01
1.235080300000000086e+01 1.050323200000000057e+01 1.211092999999999975e+01
1.235432100000000055e+01 1.044658899999999946e+01 1.211181599999999925e+01
1.232291900000000062e+01 1.038491199999999992e+01 1.211269399999999941e+01
1.228546900000000086e+01 1.032842899999999986e+01 1.211356199999999994e+01
1.228676199999999952e+01 1.028630800000000001e+01 1.211442199999999936e+01
1.231441399999999931e+01 1.025038999999999945e+01 1.211527399999999943e+01
1.211296600000000012e+01 1.022389800000000015e+01 1.211285299999999943e+01
1.210957900000000009e+01 1.021206899999999962e+01 1.210946399999999912e+01
1.210603200000000079e+01 1.020048500000000047e+01 1.210590900000000047e+01
1.210235499999999931e+01 1.018858299999999950e+01 1.210222800000000021e+01
1.231344400000000050e+01 1.015947300000000020e+01 1.209872099999999939e+01
1.234521799999999914e+01 1.012199099999999952e+01 1.209972800000000070e+01
1.238480900000000062e+01 1.008456600000000059e+01 1.210072599999999987e+01
1.209891599999999912e+01 1.005253500000000066e+01 1.209879600000000011e+01
1.209496200000000066e+01 1.002288500000000049e+01 1.209482399999999913e+01
1.209062100000000051e+01 1.000082300000000046e+01 1.209046900000000058e+01
1.208585000000000065e+01 9.989205300000000065e+00 1.208568499999999979e+01
1.208079099999999961e+01 9.977620899999999793e+00 1.208062100000000072e+01
1.207569200000000009e+01 9.966036499999999521e+00 1.207552399999999970e+01
1.207090499999999977e+01 9.940001300000000484e+00 1.207074700000000078e+01
1.238637899999999981e+01 9.905519699999999261e+00 1.206993300000000069e+01
1.235168400000000055e+01 9.868056499999999787e+00 1.207122700000000037e+01
1.231664600000000043e+01 9.829097600000000767e+00 1.207250799999999913e+01
1.231347799999999992e+01 9.789558899999999397e+00 1.207377699999999976e+01
1.211748799999999981e+01 9.753245700000000795e+00 1.207464700000000057e+01
1.207019500000000001e+01 9.724192800000000858e+00 1.207004399999999933e+01
1.206562100000000015e+01 9.698259000000000185e+00 1.206546600000000069e+01
1.239592599999999933e+01 9.664072700000000182e+00 1.206372099999999925e+01
1.235704899999999995e+01 9.610242500000000021e+00 1.206507700000000050e+01
1.232376600000000089e+01 9.550256900000000826e+00 1.206641899999999978e+01
1.234739599999999982e+01 9.511861200000000238e+00 1.206701799999999913e+01
1.206412100000000009e+01 9.482079900000000450e+00 1.206395499999999998e+01
1.205913699999999977e+01 9.462606299999999138e+00 1.205897000000000041e+01
1.205397199999999991e+01 9.450448299999999691e+00 1.205379300000000065e+01
1.204829299999999925e+01 9.438863899999999418e+00 1.204809400000000075e+01
1.204205999999999932e+01 9.427279499999999146e+00 1.204184599999999961e+01
1.203551700000000046e+01 9.415561800000000758e+00 1.203529799999999916e+01
1.202899599999999936e+01 9.390100600000000242e+00 1.202878199999999964e+01
1.202260799999999996e+01 9.359647000000000716e+00 1.202239499999999950e+01
1.233037400000000083e+01 9.325364000000000431e+00 1.202008099999999935e+01
1.229316500000000012e+01 9.285875600000000674e+00 1.202187100000000086e+01
1.226132999999999917e+01 9.244192099999999357e+00 1.202364400000000089e+01
1.204334399999999938e+01 9.206579200000000185e+00 1.202459299999999942e+01
1.201711799999999997e+01 9.179083399999999671e+00 1.201686100000000046e+01
1.200987300000000069e+01 9.155945600000000795e+00 1.200963499999999939e+01
1.200264800000000065e+01 9.133118899999999485e+00 1.200240200000000002e+01
1.199495399999999989e+01 9.108116499999999505e+00 1.199468599999999974e+01
1.198647799999999997e+01 9.082144500000000065e+00 1.198618199999999945e+01
1.197731800000000035e+01 9.060428699999999225e+00 1.197700500000000012e+01
1.196759199999999979e+01 9.048714000000000368e+00 1.196726600000000040e+01
1.195791999999999966e+01 9.037129600000000096e+00 1.195759999999999934e+01
1.235282300000000077e+01 9.013577400000000850e+00 1.195125400000000049e+01
1.232903100000000052e+01 8.963048699999999869e+00 1.195372899999999916e+01
1.228941099999999942e+01 8.920158699999999996e+00 1.195617999999999981e+01
1.234947599999999923e+01 8.874290800000000701e+00 1.195860599999999963e+01
1.236867799999999917e+01 8.827705500000000427e+00 1.196100799999999964e+01
1.240832200000000007e+01 8.780884800000000823e+00 1.196338599999999985e+01
1.243191299999999977e+01 8.739923199999999781e+00 1.196522099999999966e+01
1.195969400000000071e+01 8.714751400000000814e+00 1.195941499999999991e+01
1.195074299999999923e+01 8.703111599999999726e+00 1.195042899999999975e+01
1.234032499999999999e+01 8.681498700000000568e+00 1.194321099999999980e+01
1.234977400000000003e+01 8.629897200000000268e+00 1.194576600000000077e+01
1.238710099999999947e+01 8.588108699999999374e+00 1.194829599999999914e+01
1.241849400000000081e+01 8.548335700000000870e+00 1.194995399999999997e+01
1.194595200000000013e+01 8.516437899999999672e+00 1.194562400000000046e+01
1.193565599999999982e+01 8.498650400000000715e+00 1.193529700000000027e+01
1.192431500000000000e+01 8.487053500000000028e+00 1.192392000000000074e+01
1.191213600000000028e+01 8.469494799999999657e+00 1.191172300000000028e+01
1.189971000000000068e+01 8.445164800000000582e+00 1.189929799999999993e+01
1.238027699999999953e+01 8.415363799999999728e+00 1.189015799999999956e+01
1.239087600000000045e+01 8.375363200000000674e+00 1.189324099999999973e+01
1.236247599999999913e+01 8.331005899999999187e+00 1.189629399999999926e+01
1.232375000000000043e+01 8.289785500000000695e+00 1.189931499999999964e+01
1.189270699999999970e+01 8.258097799999999822e+00 1.189228400000000008e+01
1.187944599999999973e+01 8.230535299999999665e+00 1.187900100000000059e+01
1.234654300000000049e+01 8.195524600000000603e+00 1.187433099999999975e+01
1.236513199999999912e+01 8.141930399999999679e+00 1.187757099999999966e+01
1.234562799999999960e+01 8.080330399999999358e+00 1.188077900000000042e+01
1.230596300000000021e+01 8.016405100000000061e+00 1.188395599999999952e+01
1.231756500000000010e+01 7.952734500000000040e+00 1.188710000000000022e+01
1.233199100000000037e+01 7.889239400000000124e+00 1.189021400000000028e+01
1.211832300000000018e+01 7.839639100000000305e+00 1.189292999999999978e+01
1.188183000000000078e+01 7.820372800000000346e+00 1.188144800000000068e+01
1.187011500000000019e+01 7.808785499999999935e+00 1.186971199999999982e+01
1.237045099999999920e+01 7.788460399999999950e+00 1.186001100000000008e+01
1.234333499999999972e+01 7.734915100000000265e+00 1.186339399999999955e+01
1.234684000000000026e+01 7.693919900000000034e+00 1.186674299999999960e+01
1.238203700000000040e+01 7.649928700000000248e+00 1.187005899999999947e+01
1.241656500000000030e+01 7.602187100000000086e+00 1.187334199999999917e+01
1.241706300000000063e+01 7.552907600000000166e+00 1.187659200000000048e+01
1.238481999999999950e+01 7.498403800000000174e+00 1.187981000000000087e+01
1.234786300000000026e+01 7.448127900000000245e+00 1.188299600000000034e+01
1.234017099999999978e+01 7.407019199999999692e+00 1.188615000000000066e+01
1.236881499999999967e+01 7.366965500000000056e+00 1.188927299999999931e+01
1.231522599999999912e+01 7.330845100000000336e+00 1.189236499999999985e+01
1.232833600000000018e+01 7.296433600000000297e+00 1.189542600000000050e+01
1.230386400000000080e+01 7.259974599999999612e+00 1.189845700000000051e+01
1.226430299999999995e+01 7.218032700000000190e+00 1.190145700000000062e+01
1.224602499999999949e+01 7.173724499999999615e+00 1.190440300000000029e+01
1.232356599999999958e+01 7.129667500000000047e+00 1.190734400000000015e+01
1.236325399999999952e+01 7.087688400000000222e+00 1.191025600000000040e+01
1.238632699999999964e+01 7.046620199999999556e+00 1.191313899999999926e+01
1.237157599999999924e+01 7.008813400000000193e+00 1.191599300000000028e+01
1.190870600000000046e+01 6.977373000000000047e+00 1.190831700000000026e+01
1.231520300000000034e+01 6.934815500000000021e+00 1.190795100000000062e+01
1.232460099999999947e+01 6.883742800000000273e+00 1.191085700000000003e+01
1.236216300000000068e+01 6.823553699999999722e+00 1.191373399999999982e+01
1.239335499999999968e+01 6.766575500000000076e+00 1.191658200000000001e+01
1.238949900000000071e+01 6.729548099999999700e+00 1.191940199999999983e+01
1.191723299999999952e+01 6.696684799999999882e+00 1.191683800000000026e+01
1.190496899999999947e+01 6.665614200000000267e+00 1.190454300000000032e+01
1.189181400000000011e+01 6.634925199999999634e+00 1.189136799999999994e+01
1.187839699999999965e+01 6.603882099999999866e+00 1.187795200000000051e+01
1.186515699999999995e+01 6.572672400000000081e+00 1.186471799999999988e+01
1.240523899999999990e+01 6.536645400000000272e+00 1.186227000000000054e+01
1.237635599999999947e+01 6.490446799999999961e+00 1.186562999999999946e+01
1.233779400000000059e+01 6.439886399999999789e+00 1.186895699999999998e+01
1.232501000000000069e+01 6.394866300000000336e+00 1.187225100000000033e+01
1.234975700000000032e+01 6.357127799999999773e+00 1.187101299999999959e+01
1.236009400000000014e+01 6.316807400000000072e+00 1.187428599999999967e+01
1.194812100000000044e+01 6.281848199999999771e+00 1.187653500000000051e+01
1.186450899999999997e+01 6.251409299999999725e+00 1.186407799999999924e+01
1.231824300000000072e+01 6.203559000000000268e+00 1.186717799999999912e+01
1.229545700000000075e+01 6.154607999999999635e+00 1.187048899999999918e+01
1.231069600000000008e+01 6.096509600000000084e+00 1.187376800000000010e+01
1.234977499999999928e+01 6.055258300000000204e+00 1.187701400000000085e+01
1.193173099999999920e+01 6.017835299999999776e+00 1.187908900000000045e+01
1.236718800000000051e+01 5.977183300000000088e+00 1.187865299999999991e+01
1.232951300000000039e+01 5.937327599999999705e+00 1.188185099999999927e+01
1.226205000000000034e+01 5.894455100000000058e+00 1.188501600000000025e+01
1.226625300000000074e+01 5.840621099999999899e+00 1.188815100000000058e+01
1.230177100000000046e+01 5.782027499999999876e+00 1.189125300000000074e+01
1.233594599999999986e+01 5.720157099999999772e+00 1.189432599999999951e+01
1.233735800000000005e+01 5.678156200000000098e+00 1.189736699999999914e+01
1.237949099999999980e+01 5.638002199999999853e+00 1.190037799999999990e+01
1.234280299999999997e+01 5.598694300000000013e+00 1.190335999999999927e+01
1.233580199999999927e+01 5.561824200000000218e+00 1.190631100000000053e+01
1.236492900000000006e+01 5.526008000000000031e+00 1.190923300000000040e+01
1.240340499999999935e+01 5.491291999999999618e+00 1.191212699999999991e+01
1.235531199999999963e+01 5.458237500000000075e+00 1.191499100000000055e+01
1.190783099999999983e+01 5.425887000000000349e+00 1.190743999999999936e+01
1.221464699999999937e+01 5.392896099999999748e+00 1.189593299999999942e+01
1.227314499999999953e+01 5.358080199999999849e+00 1.189895800000000037e+01
1.229356199999999966e+01 5.322475599999999751e+00 1.190195399999999992e+01
1.239388800000000046e+01 5.283300099999999944e+00 1.190491899999999958e+01
1.241638900000000056e+01 5.237017800000000278e+00 1.190785499999999963e+01
1.240098700000000065e+01 5.187693399999999677e+00 1.191076200000000007e+01
1.236184599999999989e+01 5.141587999999999603e+00 1.191363999999999912e+01
1.233495300000000050e+01 5.104333999999999705e+00 1.191648999999999958e+01
1.234603300000000026e+01 5.070902300000000196e+00 1.191931100000000043e+01
1.238381900000000080e+01 5.035956599999999561e+00 1.192210399999999915e+01
1.241456999999999944e+01 4.995289399999999880e+00 1.192486899999999928e+01
1.241001499999999957e+01 4.952136199999999988e+00 1.192760600000000082e+01
1.237434200000000040e+01 4.910955999999999655e+00 1.193031700000000050e+01
1.225908399999999965e+01 4.875606600000000235e+00 1.193299999999999983e+01
1.193303500000000028e+01 4.842779000000000167e+00 1.193231699999999940e+01
1.229086599999999940e+01 4.808069800000000171e+00 1.192873499999999964e+01
1.232742200000000032e+01 4.767701599999999651e+00 1.193143500000000046e+01
1.233407700000000062e+01 4.724885099999999838e+00 1.193410699999999913e+01
1.232898899999999998e+01 4.684212200000000159e+00 1.193675299999999950e+01
1.229060400000000008e+01 4.649709200000000209e+00 1.193937200000000054e+01
1.193020100000000028e+01 4.617873200000000011e+00 1.192981200000000008e+01
1.230378200000000000e+01 4.582517499999999799e+00 1.192661299999999969e+01
1.234323200000000043e+01 4.537912600000000296e+00 1.192933299999999974e+01
1.232622699999999938e+01 4.489317800000000247e+00 1.193202600000000047e+01
1.230550799999999967e+01 4.441613700000000442e+00 1.193469299999999933e+01
1.226578600000000030e+01 4.398410199999999826e+00 1.193733199999999961e+01
1.224357900000000043e+01 4.357170299999999941e+00 1.193991300000000066e+01
1.225930499999999945e+01 4.313346000000000124e+00 1.194245599999999996e+01
1.231236299999999950e+01 4.262726599999999699e+00 1.194501799999999925e+01
1.233899700000000088e+01 4.209175899999999970e+00 1.194755600000000051e+01
1.232857800000000026e+01 4.157536699999999641e+00 1.195006700000000066e+01
1.229068499999999986e+01 4.111886600000000058e+00 1.195255399999999923e+01
1.195341900000000024e+01 4.088327099999999881e+00 1.195341900000000024e+01
1.195341900000000024e+01 4.076741600000000076e+00 1.195341900000000024e+01
1.195341900000000024e+01 4.065157199999999804e+00 1.195341900000000024e+01
1.195341900000000024e+01 4.053572800000000420e+00 1.195341900000000024e+01
1.195341900000000024e+01 4.041988400000000148e+00 1.195341900000000024e+01
1.195341900000000024e+01 4.030403999999999876e+00 1.195341900000000024e+01
1.195341900000000024e+01 4.018819599999999603e+00 1.195341900000000024e+01
1.195341900000000024e+01 4.007235299999999611e+00 1.195341900000000024e+01
1.195341900000000024e+01 3.995650899999999783e+00 1.195341900000000024e+01
1.195341900000000024e+01 3.984066499999999955e+00 1.195341900000000024e+01
1.195341900000000024e+01 3.972482100000000127e+00 1.195341900000000024e+01
1.195341900000000024e+01 3.960897699999999855e+00 1.195341900000000024e+01
1.195341900000000024e+01 3.949313300000000027e+00 1.195341900000000024e+01
1.195341900000000024e+01 3.937728900000000198e+00 1.195341900000000024e+01
1.195341900000000024e+01 3.926144499999999926e+00 1.195341900000000024e+01
1.195341900000000024e+01 3.914560100000000098e+00 1.195341900000000024e+01
1.195341900000000024e+01 3.902975699999999826e+00 1.195341900000000024e+01
1.195341900000000024e+01 3.891391299999999998e+00 1.195341900000000024e+01
1.195341900000000024e+01 3.879806900000000169e+00 1.195341900000000024e+01
1.195341900000000024e+01 3.868222499999999897e+00 1.195341900000000024e+01
1.195341900000000024e+01 3.856638100000000069e+00 1.195341900000000024e+01
1.195341900000000024e+01 3.845053699999999797e+00 1.195341900000000024e+01
1.195341900000000024e+01 3.833469299999999969e+00 1.195341900000000024e+01
1.195341900000000024e+01 3.821884900000000140e+00 1.195341900000000024e+01
1.195341900000000024e+01 3.810300499999999868e+00 1.195341900000000024e+01
1.195341900000000024e+01 3.798716100000000040e+00 1.195341900000000024e+01
1.195341900000000024e+01 3.787131700000000212e+00 1.195341900000000024e+01
1.195341900000000024e+01 3.775547400000000220e+00 1.195341900000000024e+01
1.195341900000000024e+01 3.763962999999999948e+00 1.195341900000000024e+01
1.195341900000000024e+01 3.752378600000000120e+00 1.195341900000000024e+01
1.195341900000000024e+01 3.740794199999999847e+00 1.195341900000000024e+01
1.195341900000000024e+01 3.729209800000000019e+00 1.195341900000000024e+01
1.195341900000000024e+01 3.717625400000000191e+00 1.195341900000000024e+01
1.195341900000000024e+01 3.706040999999999919e+00 1.195341900000000024e+01
1.195341900000000024e+01 3.694456600000000090e+00 1.195341900000000024e+01
1.195341900000000024e+01 3.682872199999999818e+00 1.195341900000000024e+01
1.195341900000000024e+01 3.671287799999999990e+00 1.195341900000000024e+01
1.195341900000000024e+01 3.659703400000000162e+00 1.195341900000000024e+01
1.195341900000000024e+01 3.648118999999999890e+00 1.195341900000000024e+01
1.195341900000000024e+01 3.636534600000000061e+00 1.195341900000000024e+01
1.195341900000000024e+01 3.624950199999999789e+00 1.195341900000000024e+01
1.195341900000000024e+01 3.613365799999999961e+00 1.195341900000000024e+01
1.195341900000000024e+01 3.601781400000000133e+00 1.195341900000000024e+01
1.195341900000000024e+01 3.590196999999999861e+00 1.195341900000000024e+01
1.195341900000000024e+01 3.578612600000000032e+00 1.195341900000000024e+01
1.195341900000000024e+01 3.567028200000000204e+00 1.195341900000000024e+01
1.195341900000000024e+01 3.555443799999999932e+00 1.195341900000000024e+01
1.195341900000000024e+01 3.543859499999999940e+00 1.195341900000000024e+01
1.195341900000000024e+01 3.532275100000000112e+00 1.195341900000000024e+01
1.195341900000000024e+01 3.520690699999999840e+00 1.195341900000000024e+01
1.195341900000000024e+01 3.509106300000000012e+00 1.195341900000000024e+01
1.195341900000000024e+01 3.497521900000000183e+00 1.195341900000000024e+01
1.195341900000000024e+01 3.485937499999999911e+00 1.195341900000000024e+01
1.195341900000000024e+01 3.474353100000000083e+00 1.195341900000000024e+01
1.195341900000000024e+01 3.462768699999999811e+00 1.195341900000000024e+01
1.195341900000000024e+01 3.451184299999999983e+00 1.195341900000000024e+01
1.195341900000000024e+01 3.439599900000000154e+00 1.195341900000000024e+01
1.195341900000000024e+01 3.428015499999999882e+00 1.195341900000000024e+01
1.195341900000000024e+01 3.416431100000000054e+00 1.195341900000000024e+01
1.195341900000000024e+01 3.404846699999999782e+00 1.195341900000000024e+01
1.195341900000000024e+01 3.393262299999999954e+00 1.195341900000000024e+01
1.195341900000000024e+01 3.381677900000000125e+00 1.195341900000000024e+01
1.195341900000000024e+01 3.370093499999999853e+00 1.195341900000000024e+01
1.195341900000000024e+01 3.358509100000000025e+00 1.195341900000000024e+01
1.195341900000000024e+01 3.346924700000000197e+00 1.195341900000000024e+01
1.195341900000000024e+01 3.335340299999999925e+00 1.195341900000000024e+01
1.195341900000000024e+01 3.323755999999999933e+00 1.195341900000000024e+01
1.195341900000000024e+01 3.312171600000000105e+00 1.195341900000000024e+01
1.195341900000000024e+01 3.300587199999999832e+00 1.195341900000000024e+01
1.195341900000000024e+01 3.289002800000000004e+00 1.195341900000000024e+01
1.195341900000000024e+01 3.277418400000000176e+00 1.195341900000000024e+01
1.195341900000000024e+01 3.265833999999999904e+00 1.195341900000000024e+01
1.195341900000000024e+01 3.254249600000000076e+00 1.195341900000000024e+01
1.195341900000000024e+01 3.242665199999999803e+00 1.195341900000000024e+01
1.195341900000000024e+01 3.231080799999999975e+00 1.195341900000000024e+01
1.195341900000000024e+01 3.219496400000000147e+00 1.195341900000000024e+01
1.195341900000000024e+01 3.207911999999999875e+00 1.195341900000000024e+01
1.195341900000000024e+01 3.196327600000000047e+00 1.195341900000000024e+01
1.195341900000000024e+01 3.184743200000000218e+00 1.195341900000000024e+01
1.195341900000000024e+01 3.173158799999999946e+00 1.195341900000000024e+01
1.195341900000000024e+01 3.161574400000000118e+00 1.195341900000000024e+01
1.195341900000000024e+01 3.149989999999999846e+00 1.195341900000000024e+01
1.195341900000000024e+01 3.138405600000000018e+00 1.195341900000000024e+01
1.195341900000000024e+01 3.126821200000000189e+00 1.195341900000000024e+01
1.195341900000000024e+01 3.115236799999999917e+00 1.195341900000000024e+01
1.195341900000000024e+01 3.103652400000000089e+00 1.195341900000000024e+01
1.195341900000000024e+01 3.092068100000000097e+00 1.195341900000000024e+01
1.195341900000000024e+01 3.080483699999999825e+00 1.195341900000000024e+01
1.195341900000000024e+01 3.068899299999999997e+00 1.195341900000000024e+01
1.195341900000000024e+01 3.057314900000000168e+00 1.195341900000000024e+01
1.195341900000000024e+01 3.045730499999999896e+00 1.195341900000000024e+01
1.195341900000000024e+01 3.034146100000000068e+00 1.195341900000000024e+01
1.195341900000000024e+01 3.022561699999999796e+00 1.195341900000000024e+01
1.195341900000000024e+01 3.010977299999999968e+00 1.195341900000000024e+01
1.195341900000000024e+01 2.999392900000000139e+00 1.195341900000000024e+01
1.195341900000000024e+01 2.987808499999999867e+00 1.195341900000000024e+01
1.195341900000000024e+01 2.976224100000000039e+00 1.195341900000000024e+01
1.195341900000000024e+01 2.964639700000000211e+00 1.195341900000000024e+01
1.195341900000000024e+01 2.953055299999999939e+00 1.195341900000000024e+01
1.195341900000000024e+01 2.941470900000000110e+00 1.195341900000000024e+01
1.195341900000000024e+01 2.929886499999999838e+00 1.195341900000000024e+01
1.195341900000000024e+01 2.918302100000000010e+00 1.195341900000000024e+01
1.195341900000000024e+01 2.906717700000000182e+00 1.195341900000000024e+01
1.195341900000000024e+01 2.895133299999999910e+00 1.195341900000000024e+01
1.195341900000000024e+01 2.883548900000000081e+00 1.195341900000000024e+01
1.195341900000000024e+01 2.871964600000000090e+00 1.195341900000000024e+01
1.195341900000000024e+01 2.860380199999999817e+00 1.195341900000000024e+01
1.195341900000000024e+01 2.848795799999999989e+00 1.195341900000000024e+01
1.195341900000000024e+01 2.837211400000000161e+00 1.195341900000000024e+01
1.195341900000000024e+01 2.825626999999999889e+00 1.195341900000000024e+01
1.195341900000000024e+01 2.814042600000000061e+00 1.195341900000000024e+01
1.195341900000000024e+01 2.802458199999999788e+00 1.195341900000000024e+01
1.195341900000000024e+01 2.790873799999999960e+00 1.195341900000000024e+01
1.195341900000000024e+01 2.779289400000000132e+00 1.195341900000000024e+01
1.195341900000000024e+01 2.767704999999999860e+00 1.195341900000000024e+01
1.195341900000000024e+01 2.756120600000000032e+00 1.195341900000000024e+01
1.195341900000000024e+01 2.744536200000000203e+00 1.195341900000000024e+01
1.195341900000000024e+01 2.732951799999999931e+00 1.195341900000000024e+01
1.195341900000000024e+01 2.721367400000000103e+00 1.195341900000000024e+01
1.195341900000000024e+01 2.709782999999999831e+00 1.195341900000000024e+01
1.195341900000000024e+01 2.698198600000000003e+00 1.195341900000000024e+01
1.195341900000000024e+01 2.686614200000000174e+00 1.195341900000000024e+01
1.195341900000000024e+01 2.675029799999999902e+00 1.195341900000000024e+01
1.195341900000000024e+01 2.663445400000000074e+00 1.195341900000000024e+01
1.195341900000000024e+01 2.651860999999999802e+00 1.195341900000000024e+01
1.195341900000000024e+01 2.640276699999999810e+00 1.195341900000000024e+01
1.195341900000000024e+01 2.628692299999999982e+00 1.195341900000000024e+01
1.195341900000000024e+01 2.617107900000000154e+00 1.195341900000000024e+01
1.195341900000000024e+01 2.605523499999999881e+00 1.195341900000000024e+01
1.195341900000000024e+01 2.593939100000000053e+00 1.195341900000000024e+01
1.195341900000000024e+01 2.582354699999999781e+00 1.195341900000000024e+01
1.195341900000000024e+01 2.570770299999999953e+00 1.195341900000000024e+01
1.195341900000000024e+01 2.559185900000000125e+00 1.195341900000000024e+01
1.195341900000000024e+01 2.547601499999999852e+00 1.195341900000000024e+01
1.195341900000000024e+01 2.536017100000000024e+00 1.195341900000000024e+01
1.195341900000000024e+01 2.524432700000000196e+00 1.195341900000000024e+01
1.195341900000000024e+01 2.512848299999999924e+00 1.195341900000000024e+01
1.195341900000000024e+01 2.501263900000000096e+00 1.195341900000000024e+01
1.195341900000000024e+01 2.489679499999999823e+00 1.195341900000000024e+01
1.195341900000000024e+01 2.478095099999999995e+00 1.195341900000000024e+01
1.195341900000000024e+01 2.466510700000000167e+00 1.195341900000000024e+01
1.195341900000000024e+01 2.454926299999999895e+00 1.195341900000000024e+01
1.195341900000000024e+01 2.443341900000000066e+00 1.195341900000000024e+01
